 Beta  Tc  Pc  Ingestion  Digestion
1.1737e-11 3.7243e-05 0.6425 1.1667e-26 2.3480e+01
1.1737e-11 3.7243e-05 0.6425 1.1667e-26 2.3480e+01
1.1737e-11 3.7243e-05 0.6425 1.1667e-26 2.3480e+01
1.1737e-11 3.7243e-05 0.6425 1.1667e-26 2.3480e+01
1.1737e-11 3.7243e-05 0.6425 1.1667e-26 2.3480e+01
3.3524e-07 0.0000e+00 0.0000 5.4656e-19 6.5243e+02
3.3524e-07 0.0000e+00 0.0000 5.4656e-19 6.5243e+02
1.1340e-11 3.6839e-05 0.6204 1.5645e-26 3.3926e+01
1.1138e-11 3.6839e-05 0.6400 1.1188e-26 2.4261e+01
1.4869e-11 0.0000e+00 0.0000 2.0670e-25 4.4824e+02
1.2929e-11 0.0000e+00 0.0000 3.7060e-26 7.1982e+01
1.2034e-11 3.7437e-05 0.6437 1.1902e-26 2.3117e+01
1.2246e-11 3.7437e-05 0.6242 1.6643e-26 3.2326e+01
1.3888e-11 0.0000e+00 0.0000 7.8715e-26 1.5289e+02
8.4962e-09 0.0000e+00 0.0000 1.3430e-21 2.1104e+02
8.4962e-09 0.0000e+00 0.0000 1.3430e-21 2.1104e+02
8.4962e-09 0.0000e+00 0.0000 1.3430e-21 2.1104e+02
8.4962e-09 0.0000e+00 0.0000 1.3430e-21 2.1104e+02
8.6533e-12 3.5597e-04 0.5163 2.2326e-28 6.1214e-01
8.7365e-12 2.8478e-04 0.5246 6.3788e-28 1.7490e+00
8.7124e-12 1.2815e-03 0.5891 5.0233e-28 1.3773e+00
8.6410e-12 3.5597e-04 0.5111 1.7542e-28 4.8096e-01
9.9946e-13 1.3865e-04 0.5082 3.3378e-29 1.7583e+00
9.5785e-08 2.3406e-03 0.5029 4.7413e-22 3.3069e+00
1.0020e-07 2.3622e-03 0.4998 4.9119e-22 3.2169e+00
1.0020e-07 2.3622e-03 0.4998 4.9119e-22 3.2169e+00
2.3545e-09 1.1523e-04 0.6957 3.1199e-23 2.7712e+01
2.3664e-09 1.1536e-04 0.6959 3.1327e-23 2.7624e+01
2.1199e-09 1.1270e-04 0.6910 2.8646e-23 2.9624e+01
2.1917e-08 1.8256e-04 0.6748 1.6942e-21 6.4669e+01
5.1887e-08 0.0000e+00 0.0000 3.0548e-19 1.1660e+04
1.1270e-11 3.7088e-05 0.6680 7.1870e-27 1.4885e+01
1.1270e-11 3.7088e-05 0.6680 7.1870e-27 1.4885e+01
1.3797e-11 0.0000e+00 0.0000 1.0279e-25 2.1287e+02
1.3797e-11 0.0000e+00 0.0000 1.0279e-25 2.1287e+02
9.2164e-12 3.5577e-05 0.6587 6.1266e-27 1.6862e+01
1.1460e-11 0.0000e+00 0.0000 8.7621e-26 2.4115e+02
9.2164e-12 3.5577e-05 0.6587 6.1266e-27 1.6862e+01
1.1460e-11 0.0000e+00 0.0000 8.7621e-26 2.4115e+02
2.1410e-08 2.3733e-03 0.6734 2.3397e-22 8.9305e+00
2.2099e-07 3.3307e-03 0.6822 1.1692e-21 2.5410e+00
7.7069e-08 2.6854e-03 0.6675 5.1133e-22 4.8485e+00
2.1410e-08 2.3733e-03 0.6734 2.3397e-22 8.9305e+00
1.4056e-09 5.1444e-04 0.6808 2.5873e-23 4.9888e+01
3.9138e-10 2.6879e-03 0.5974 1.6140e-25 1.5383e+00
1.8100e-10 0.0000e+00 0.0000 8.8000e-26 2.4709e+00
1.8100e-10 0.0000e+00 0.0000 8.8000e-26 2.4709e+00
1.8100e-10 0.0000e+00 0.0000 8.8000e-26 2.4709e+00
3.9138e-10 2.6879e-03 0.5974 1.6140e-25 1.5383e+00
3.9138e-10 2.6879e-03 0.5974 1.6140e-25 1.5383e+00
1.8100e-10 0.0000e+00 0.0000 8.8000e-26 2.4709e+00
3.9138e-10 2.6879e-03 0.5974 1.6140e-25 1.5383e+00
8.5920e-07 0.0000e+00 0.0000 9.9688e-19 3.8457e+02
8.5920e-07 0.0000e+00 0.0000 9.9688e-19 3.8457e+02
4.7669e-07 0.0000e+00 0.0000 6.8373e-19 6.3542e+02
4.8989e-07 0.0000e+00 0.0000 6.9947e-19 6.2422e+02
4.8989e-07 0.0000e+00 0.0000 6.9947e-19 6.2422e+02
3.2878e-09 4.9237e-04 0.6846 2.0375e-22 1.1524e+02
8.7240e-09 3.7801e-03 0.6668 4.4889e-22 6.2175e+01
6.2129e-10 8.5851e-05 0.6942 5.1073e-23 3.3969e+02
2.8134e-09 3.5724e-04 0.6539 1.7940e-22 1.2729e+02
3.2649e-09 2.8311e-03 0.6727 5.3439e-23 3.0226e+01
8.6822e-09 2.7217e-03 0.6640 1.1773e-22 1.6307e+01
6.1323e-10 2.5755e-04 0.6556 1.3395e-23 8.9092e+01
2.7926e-09 2.7388e-03 0.6653 4.7053e-23 3.3385e+01
3.1725e-08 1.9647e-04 0.6660 3.5357e-21 8.1654e+01
3.1725e-08 1.9647e-04 0.6660 3.5357e-21 8.1654e+01
3.1725e-08 1.9647e-04 0.6660 3.5357e-21 8.1654e+01
3.1725e-08 1.9647e-04 0.6660 3.5357e-21 8.1654e+01
9.0510e-12 3.5501e-05 0.6688 5.0266e-27 1.4040e+01
1.6744e-11 4.0290e-05 0.6962 8.1719e-27 9.6045e+00
1.7008e-11 4.0290e-05 0.6711 1.2996e-26 1.5274e+01
1.0735e-11 0.0000e+00 0.0000 5.5514e-26 1.5505e+02
9.2350e-12 3.5501e-05 0.6426 7.9937e-27 2.2327e+01
1.9162e-11 0.0000e+00 0.0000 9.0250e-26 1.0607e+02
1.4554e-07 2.8061e-03 0.5070 3.8925e-22 1.5067e+00
2.4153e-08 6.3752e-03 0.5934 1.1935e-22 3.7942e+00
2.4261e-08 6.3687e-03 0.5931 9.5454e-23 4.5178e+00
1.5790e-08 1.4581e-03 0.5161 6.8089e-23 5.8824e+00
3.2808e-08 1.9958e-03 0.5072 1.5168e-22 3.1462e+00
9.6977e-08 7.0218e-04 0.4879 5.2926e-21 3.6914e+01
1.5891e-07 1.5542e-03 0.5294 7.8112e-21 2.7235e+01
3.1681e-08 1.9682e-04 0.6812 2.7207e-21 6.2082e+01
9.7162e-08 1.1937e-02 0.5567 6.0645e-21 4.2298e+01
1.5916e-07 1.2951e-03 0.5111 8.9503e-21 3.1207e+01
3.1833e-08 1.9682e-04 0.6737 3.1175e-21 7.1136e+01
1.2325e-06 3.5408e-03 0.5265 9.0481e-20 1.8091e+01
2.2193e-08 0.0000e+00 0.0000 2.3354e-21 8.9143e+01
2.2193e-08 0.0000e+00 0.0000 2.3354e-21 8.9143e+01
7.8109e-08 2.2378e-04 0.5400 5.1041e-21 4.8397e+01
7.8109e-08 2.2378e-04 0.5400 5.1041e-21 4.8397e+01
2.2294e-07 1.6654e-03 0.5069 1.1670e-20 2.5364e+01
1.6889e-08 0.0000e+00 0.0000 1.5132e-21 1.2512e+02
1.6889e-08 0.0000e+00 0.0000 1.5132e-21 1.2512e+02
1.6889e-08 0.0000e+00 0.0000 1.5132e-21 1.2512e+02
1.6889e-08 0.0000e+00 0.0000 1.5132e-21 1.2512e+02
1.6889e-08 0.0000e+00 0.0000 1.5132e-21 1.2512e+02
1.6889e-08 0.0000e+00 0.0000 1.5132e-21 1.2512e+02
6.2075e-10 0.0000e+00 0.0000 1.1620e-22 9.2935e+02
6.7651e-07 0.0000e+00 0.0000 1.0539e-18 5.9301e+02
4.7061e-07 0.0000e+00 0.0000 7.7870e-19 7.5118e+02
4.8344e-07 0.0000e+00 0.0000 7.9644e-19 7.3808e+02
5.7390e-07 0.0000e+00 0.0000 9.1913e-19 6.5992e+02
5.5515e-07 0.0000e+00 0.0000 8.9402e-19 6.7435e+02
5.3243e-07 0.0000e+00 0.0000 8.6338e-19 6.9298e+02
1.0546e-06 0.0000e+00 0.0000 1.5210e-18 4.4524e+02
1.1030e-06 0.0000e+00 0.0000 1.5781e-18 4.3260e+02
1.0678e-06 0.0000e+00 0.0000 1.5365e-18 4.4172e+02
1.1312e-06 0.0000e+00 0.0000 1.6112e-18 4.2564e+02
1.2955e-06 0.0000e+00 0.0000 1.8007e-18 3.9022e+02
1.0896e-06 0.0000e+00 0.0000 1.5623e-18 4.3600e+02
4.1305e-07 1.2572e-03 0.5100 4.8557e-20 4.5106e+01
4.1050e-07 1.2556e-03 0.5096 4.8321e-20 4.5278e+01
3.8990e-07 1.2423e-03 0.5333 4.6397e-20 4.6738e+01
4.6614e-07 1.6110e-03 0.5263 5.3415e-20 4.1868e+01
4.1793e-07 1.2602e-03 0.5106 4.9009e-20 4.4781e+01
4.3457e-07 1.2703e-03 0.4887 5.0541e-20 4.3716e+01
8.7093e-07 2.5639e-03 0.5149 8.7398e-20 2.8498e+01
8.9616e-07 2.5789e-03 0.5163 8.9383e-20 2.8003e+01
8.8771e-07 2.5739e-03 0.5158 8.8719e-20 2.8166e+01
8.5007e-07 2.5512e-03 0.5136 8.5746e-20 2.8926e+01
8.7758e-07 2.5679e-03 0.5152 8.7922e-20 2.8365e+01
9.1186e-07 2.5881e-03 0.5050 9.0613e-20 2.7705e+01
1.1558e-06 3.1050e-03 0.5172 1.0919e-19 2.3949e+01
1.1044e-06 3.0763e-03 0.5255 1.0535e-19 2.4628e+01
1.1064e-06 3.0774e-03 0.5255 1.0550e-19 2.4601e+01
1.1186e-06 3.0843e-03 0.5261 1.0642e-19 2.4435e+01
1.1129e-06 3.0811e-03 0.5258 1.0599e-19 2.4513e+01
1.1493e-06 3.1014e-03 0.5169 1.0870e-19 2.4032e+01
2.9051e-06 0.0000e+00 0.0000 3.4742e-18 2.3352e+02
5.3849e-07 0.0000e+00 0.0000 8.7157e-19 6.8789e+02
1.0678e-06 0.0000e+00 0.0000 1.5365e-18 4.4172e+02
1.3527e-06 0.0000e+00 0.0000 1.8656e-18 3.7958e+02
5.2233e-07 0.0000e+00 0.0000 8.4968e-19 7.0169e+02
3.9050e-08 0.0000e+00 0.0000 9.1353e-21 1.6636e+02
9.6677e-09 0.0000e+00 0.0000 2.8976e-21 4.0799e+02
1.3065e-07 3.2418e-03 0.6768 2.1096e-21 9.5386e+00
5.5875e-12 3.2071e-05 0.6350 4.1133e-27 2.3018e+01
5.5875e-12 3.2071e-05 0.6350 4.1133e-27 2.3018e+01
2.1879e-09 9.1891e-04 0.5159 6.8084e-24 6.1817e+00
2.1879e-09 9.1891e-04 0.5159 6.8084e-24 6.1817e+00
2.1879e-09 9.1891e-04 0.5159 6.8084e-24 6.1817e+00
2.1879e-09 9.1891e-04 0.5159 6.8084e-24 6.1817e+00
2.1879e-09 9.1891e-04 0.5159 6.8084e-24 6.1817e+00
2.2969e-09 1.1486e-04 0.5443 2.5549e-23 2.3198e+01
2.2969e-09 1.1486e-04 0.5443 2.5549e-23 2.3198e+01
2.2969e-09 1.1486e-04 0.5443 2.5549e-23 2.3198e+01
2.2969e-09 1.1486e-04 0.5443 2.5549e-23 2.3198e+01
2.2969e-09 1.1486e-04 0.5443 2.5549e-23 2.3198e+01
2.3519e-09 2.7567e-03 0.6688 3.9489e-23 3.5854e+01
2.3519e-09 2.7567e-03 0.6688 3.9489e-23 3.5854e+01
2.3519e-09 2.7567e-03 0.6688 3.9489e-23 3.5854e+01
2.3519e-09 2.7567e-03 0.6688 3.9489e-23 3.5854e+01
2.3519e-09 2.7567e-03 0.6688 3.9489e-23 3.5854e+01
2.2068e-08 1.9118e-03 0.5166 3.3397e-23 1.7845e+00
2.2068e-08 1.9118e-03 0.5166 3.3397e-23 1.7845e+00
2.2068e-08 1.9118e-03 0.5166 3.3397e-23 1.7845e+00
2.2068e-08 1.9118e-03 0.5166 3.3397e-23 1.7845e+00
2.2068e-08 1.9118e-03 0.5166 3.3397e-23 1.7845e+00
2.2335e-08 1.5642e-03 0.5205 1.2533e-22 6.6967e+00
2.2335e-08 1.5642e-03 0.5205 1.2533e-22 6.6967e+00
2.2335e-08 1.5642e-03 0.5205 1.2533e-22 6.6967e+00
2.2335e-08 1.5642e-03 0.5205 1.2533e-22 6.6967e+00
2.2335e-08 1.5642e-03 0.5205 1.2533e-22 6.6967e+00
2.2470e-08 2.2594e-03 0.6677 1.9370e-22 1.0350e+01
2.2470e-08 2.2594e-03 0.6677 1.9370e-22 1.0350e+01
2.2470e-08 2.2594e-03 0.6677 1.9370e-22 1.0350e+01
2.2470e-08 2.2594e-03 0.6677 1.9370e-22 1.0350e+01
2.2470e-08 2.2594e-03 0.6677 1.9370e-22 1.0350e+01
7.2318e-08 2.4353e-03 0.4996 8.4602e-23 8.6329e-01
7.2318e-08 2.4353e-03 0.4996 8.4602e-23 8.6329e-01
7.2318e-08 2.4353e-03 0.4996 8.4602e-23 8.6329e-01
7.2318e-08 2.4353e-03 0.4996 8.4602e-23 8.6329e-01
7.2318e-08 2.4353e-03 0.4996 8.4602e-23 8.6329e-01
7.2859e-08 2.2139e-03 0.5007 3.1748e-22 3.2396e+00
7.2859e-08 2.2139e-03 0.5007 3.1748e-22 3.2396e+00
7.2859e-08 2.2139e-03 0.5007 3.1748e-22 3.2396e+00
7.2859e-08 2.2139e-03 0.5007 3.1748e-22 3.2396e+00
7.2859e-08 2.2139e-03 0.5007 3.1748e-22 3.2396e+00
7.3133e-08 2.6567e-03 0.6695 4.9069e-22 5.0071e+00
7.3133e-08 2.6567e-03 0.6695 4.9069e-22 5.0071e+00
7.3133e-08 2.6567e-03 0.6695 4.9069e-22 5.0071e+00
7.3133e-08 2.6567e-03 0.6695 4.9069e-22 5.0071e+00
7.3133e-08 2.6567e-03 0.6695 4.9069e-22 5.0071e+00
1.6891e-07 5.7895e-03 0.6307 1.6428e-22 5.1404e-01
1.6891e-07 5.7895e-03 0.6307 1.6428e-22 5.1404e-01
1.6891e-07 5.7895e-03 0.6307 1.6428e-22 5.1404e-01
1.6891e-07 5.7895e-03 0.6307 1.6428e-22 5.1404e-01
1.6891e-07 5.7895e-03 0.6307 1.6428e-22 5.1404e-01
1.6980e-07 2.8948e-03 0.5100 6.1648e-22 1.9290e+00
1.6980e-07 2.8948e-03 0.5100 6.1648e-22 1.9290e+00
1.6980e-07 2.8948e-03 0.5100 6.1648e-22 1.9290e+00
1.6980e-07 2.8948e-03 0.5100 6.1648e-22 1.9290e+00
1.6980e-07 2.8948e-03 0.5100 6.1648e-22 1.9290e+00
1.7025e-07 3.1579e-03 0.6782 9.5283e-22 2.9814e+00
1.7025e-07 3.1579e-03 0.6782 9.5283e-22 2.9814e+00
1.7025e-07 3.1579e-03 0.6782 9.5283e-22 2.9814e+00
1.7025e-07 3.1579e-03 0.6782 9.5283e-22 2.9814e+00
1.7025e-07 3.1579e-03 0.6782 9.5283e-22 2.9814e+00
2.3579e-07 5.6332e-03 0.6243 2.1325e-22 4.1926e-01
2.3579e-07 5.6332e-03 0.6243 2.1325e-22 4.1926e-01
2.3579e-07 5.6332e-03 0.6243 2.1325e-22 4.1926e-01
2.3579e-07 5.6332e-03 0.6243 2.1325e-22 4.1926e-01
2.3579e-07 5.6332e-03 0.6243 2.1325e-22 4.1926e-01
2.3688e-07 3.0983e-03 0.5064 8.0025e-22 1.5733e+00
2.3688e-07 3.0983e-03 0.5064 8.0025e-22 1.5733e+00
2.3688e-07 3.0983e-03 0.5064 8.0025e-22 1.5733e+00
2.3688e-07 3.0983e-03 0.5064 8.0025e-22 1.5733e+00
2.3688e-07 3.0983e-03 0.5064 8.0025e-22 1.5733e+00
2.3743e-07 3.3799e-03 0.6817 1.2368e-21 2.4317e+00
2.3743e-07 3.3799e-03 0.6817 1.2368e-21 2.4317e+00
2.3743e-07 3.3799e-03 0.6817 1.2368e-21 2.4317e+00
2.3743e-07 3.3799e-03 0.6817 1.2368e-21 2.4317e+00
2.3743e-07 3.3799e-03 0.6817 1.2368e-21 2.4317e+00
4.8411e-12 0.0000e+00 0.0000 6.6936e-26 8.4319e+02
4.8411e-12 0.0000e+00 0.0000 6.6936e-26 8.4319e+02
4.8411e-12 0.0000e+00 0.0000 6.6936e-26 8.4319e+02
4.8411e-12 0.0000e+00 0.0000 6.6936e-26 8.4319e+02
4.8411e-12 0.0000e+00 0.0000 6.6936e-26 8.4319e+02
5.1358e-12 0.0000e+00 0.0000 9.0075e-26 1.1347e+03
5.1358e-12 0.0000e+00 0.0000 9.0075e-26 1.1347e+03
5.1358e-12 0.0000e+00 0.0000 9.0075e-26 1.1347e+03
5.1358e-12 0.0000e+00 0.0000 9.0075e-26 1.1347e+03
5.1358e-12 0.0000e+00 0.0000 9.0075e-26 1.1347e+03
5.1358e-12 0.0000e+00 0.0000 9.0075e-26 1.1347e+03
