6.4248e-01
6.4248e-01
6.4248e-01
6.4248e-01
6.4248e-01
0.0000e+00
0.0000e+00
6.2043e-01
6.3997e-01
0.0000e+00
0.0000e+00
6.4367e-01
6.2421e-01
0.0000e+00
0.0000e+00
0.0000e+00
0.0000e+00
0.0000e+00
5.1627e-01
5.2455e-01
5.8905e-01
5.1107e-01
5.0817e-01
5.0289e-01
4.9983e-01
4.9983e-01
6.9572e-01
6.9594e-01
6.9099e-01
6.7484e-01
0.0000e+00
6.6798e-01
6.6798e-01
0.0000e+00
0.0000e+00
6.5870e-01
0.0000e+00
6.5870e-01
0.0000e+00
6.7340e-01
6.8222e-01
6.6745e-01
6.7340e-01
6.8076e-01
5.9744e-01
0.0000e+00
0.0000e+00
0.0000e+00
5.9744e-01
5.9744e-01
0.0000e+00
5.9744e-01
0.0000e+00
0.0000e+00
0.0000e+00
0.0000e+00
0.0000e+00
6.8459e-01
6.6682e-01
6.9423e-01
6.5394e-01
6.7268e-01
6.6397e-01
6.5563e-01
6.6534e-01
6.6601e-01
6.6601e-01
6.6601e-01
6.6601e-01
6.6880e-01
6.9621e-01
6.7113e-01
0.0000e+00
6.4262e-01
0.0000e+00
5.0697e-01
5.9339e-01
5.9308e-01
5.1612e-01
5.0725e-01
4.8793e-01
5.2940e-01
6.8117e-01
5.5670e-01
5.1111e-01
6.7373e-01
5.2645e-01
0.0000e+00
0.0000e+00
5.4001e-01
5.4001e-01
5.0692e-01
0.0000e+00
0.0000e+00
0.0000e+00
0.0000e+00
0.0000e+00
0.0000e+00
0.0000e+00
0.0000e+00
0.0000e+00
0.0000e+00
0.0000e+00
0.0000e+00
0.0000e+00
0.0000e+00
0.0000e+00
0.0000e+00
0.0000e+00
0.0000e+00
0.0000e+00
5.0995e-01
5.0964e-01
5.3328e-01
5.2635e-01
5.1056e-01
4.8874e-01
5.1486e-01
5.1632e-01
5.1584e-01
5.1362e-01
5.1525e-01
5.0502e-01
5.1717e-01
5.2546e-01
5.2555e-01
5.2611e-01
5.2585e-01
5.1688e-01
0.0000e+00
0.0000e+00
0.0000e+00
0.0000e+00
0.0000e+00
0.0000e+00
0.0000e+00
6.7682e-01
6.3500e-01
6.3500e-01
5.1593e-01
5.1593e-01
5.1593e-01
5.1593e-01
5.1593e-01
5.4427e-01
5.4427e-01
5.4427e-01
5.4427e-01
5.4427e-01
6.6883e-01
6.6883e-01
6.6883e-01
6.6883e-01
6.6883e-01
5.1656e-01
5.1656e-01
5.1656e-01
5.1656e-01
5.1656e-01
5.2053e-01
5.2053e-01
5.2053e-01
5.2053e-01
5.2053e-01
6.6773e-01
6.6773e-01
6.6773e-01
6.6773e-01
6.6773e-01
4.9964e-01
4.9964e-01
4.9964e-01
4.9964e-01
4.9964e-01
5.0074e-01
5.0074e-01
5.0074e-01
5.0074e-01
5.0074e-01
6.6954e-01
6.6954e-01
6.6954e-01
6.6954e-01
6.6954e-01
6.3069e-01
6.3069e-01
6.3069e-01
6.3069e-01
6.3069e-01
5.0998e-01
5.0998e-01
5.0998e-01
5.0998e-01
5.0998e-01
6.7824e-01
6.7824e-01
6.7824e-01
6.7824e-01
6.7824e-01
6.2430e-01
6.2430e-01
6.2430e-01
6.2430e-01
6.2430e-01
5.0636e-01
5.0636e-01
5.0636e-01
5.0636e-01
5.0636e-01
6.8170e-01
6.8170e-01
6.8170e-01
6.8170e-01
6.8170e-01
0.0000e+00
0.0000e+00
0.0000e+00
0.0000e+00
0.0000e+00
0.0000e+00
0.0000e+00
0.0000e+00
0.0000e+00
0.0000e+00
0.0000e+00
