4.7932e+01
4.7932e+01
6.4318e-01
6.4318e-01
6.4318e-01
6.4318e-01
1.4450e+02
7.7874e-01
7.7874e-01
2.3169e-01
1.3832e-01
2.1815e-01
1.8705e-01
5.8387e-03
2.6651e-02
6.4480e-02
5.8387e-03
6.4480e-02
5.8387e-03
5.8387e-03
5.8387e-03
6.4480e-02
6.4480e-02
6.4480e-02
6.6003e-02
5.9752e-03
5.9752e-03
5.9752e-03
6.6003e-02
5.9752e-03
6.6003e-02
6.6003e-02
2.7279e-02
5.9752e-03
2.7279e-02
6.6003e-02
7.0413e-04
7.0079e-03
4.0764e-03
7.0079e-03
2.9550e-03
7.0413e-04
7.0413e-04
2.9550e-03
2.1568e-03
1.3650e-03
2.1568e-03
1.3650e-03
1.3650e-03
7.0413e-04
7.0413e-04
7.0079e-03
2.7270e-04
1.3650e-03
1.3650e-03
9.5851e-04
7.0079e-03
7.0079e-03
5.1674e+00
3.8295e+00
5.0392e+00
4.9577e-02
4.9577e-02
4.7259e-02
7.6399e-02
7.6399e-02
5.8564e-02
5.8564e-02
5.8564e-02
7.6399e-02
4.7814e-02
1.5686e-01
3.6143e-01
8.6551e-01
1.3284e+00
2.1864e+00
3.0866e+00
4.6357e+00
6.3331e+00
2.2628e+01
1.2906e-01
2.8036e+01
9.3800e+01
2.1813e+02
5.3036e+02
8.1334e+02
1.3435e+03
1.8974e+03
2.8573e+03
3.9075e+03
1.4016e+04
1.6910e-01
2.4971e-01
2.3174e-01
2.5814e-01
2.6213e-01
2.9098e-01
3.0476e-01
3.8787e-01
2.1934e-02
2.1934e-02
2.1934e-02
2.1934e-02
1.6110e-02
2.2297e-01
8.9186e-02
4.2507e-01
3.0217e-02
4.5659e-02
4.2507e-01
1.7234e-01
4.5659e-02
3.0217e-02
2.2297e-01
1.6110e-02
4.2507e-01
1.6110e-02
3.0217e-02
2.2297e-01
1.7234e-01
4.5659e-02
3.1614e+02
5.8196e+00
5.8196e+00
4.5701e+00
4.5701e+00
2.6731e-03
3.5054e-04
2.0160e-02
7.0588e-03
4.4285e+00
1.4798e+01
3.4391e+01
4.6809e-01
4.4285e+00
1.4798e+01
3.4391e+01
4.6809e-01
1.8412e+00
4.4285e+00
1.4798e+01
3.4391e+01
4.6809e-01
1.8412e+00
6.8340e+02
7.2111e+02
2.0831e+06
8.6280e+04
2.3998e+06
1.2364e-04
2.4766e+00
7.9923e+00
7.9923e+00
1.6519e+00
2.2623e+00
2.4766e+00
2.4766e+00
1.1620e+00
2.4766e+00
1.1768e+00
7.9923e+00
7.0244e-01
4.1015e+00
7.9923e+00
9.2156e-02
1.3033e+00
3.0094e+00
3.6443e-01
6.8303e-01
5.3485e-01
2.1273e+00
1.2276e+00
2.0307e-01
2.1542e+00
5.7535e+00
3.7914e-01
2.1615e+00
2.8108e-01
1.0116e+01
5.2894e+00
4.0656e+00
1.1320e+00
2.0858e-01
8.6927e-01
4.6438e-01
1.4835e-01
9.3752e-01
1.4929e+00
1.4929e+00
1.4929e+00
1.4929e+00
1.4929e+00
1.4929e+00
5.0072e+00
5.0072e+00
1.1768e+00
5.0072e+00
2.1444e+00
1.1768e+00
5.0072e+00
1.1768e+00
5.0072e+00
1.1768e+00
5.0072e+00
