1.0306e-01
1.0306e-01
1.0306e-01
1.0306e-01
1.0306e-01
1.9677e-01
1.9677e-01
7.1207e-02
9.7798e-02
7.0665e-03
3.6457e-02
1.0566e-01
7.6890e-02
1.8437e-02
1.3108e-01
1.3108e-01
1.3108e-01
1.3108e-01
3.3377e+00
1.1794e+00
1.4936e+00
4.2420e+00
4.9065e-01
2.4058e+01
2.5166e+01
2.5166e+01
5.9137e-01
5.9435e-01
5.3244e-01
5.9323e-01
7.7893e-03
1.5807e-01
1.5807e-01
1.3531e-02
1.3531e-02
1.2927e-01
1.1240e-02
1.2927e-01
1.1240e-02
4.1965e+00
4.3316e+01
1.5106e+01
4.1965e+00
2.7551e-01
5.0141e+00
2.3188e+00
2.3188e+00
2.3188e+00
5.0141e+00
5.0141e+00
2.3188e+00
5.0141e+00
5.2132e-01
5.2132e-01
2.5741e-01
2.6454e-01
2.6454e-01
1.6291e-01
4.3227e-01
3.0785e-02
1.3940e-01
6.1680e-01
1.6403e+00
1.1585e-01
5.2758e-01
5.4559e-01
5.4559e-01
5.4559e-01
5.4559e-01
1.5345e-01
2.8388e-01
1.8133e-01
1.6480e-02
9.8458e-02
2.9417e-02
6.1969e+01
1.0284e+01
1.0330e+01
6.7232e+00
1.3969e+01
2.1820e+00
3.5756e+00
7.1282e-01
1.9079e+00
3.1254e+00
6.2509e-01
1.1916e+01
4.3579e-01
4.3579e-01
1.5338e+00
1.5338e+00
4.3778e+00
3.3164e-01
3.3164e-01
3.3164e-01
3.3164e-01
3.3164e-01
3.3164e-01
1.2189e-02
3.1411e-01
2.1851e-01
2.2447e-01
2.6647e-01
2.5776e-01
2.4722e-01
4.8969e-01
5.1214e-01
4.9578e-01
5.2524e-01
6.0151e-01
5.0593e-01
3.1415e+00
3.1221e+00
2.9655e+00
3.5453e+00
3.1786e+00
3.3052e+00
6.6240e+00
6.8159e+00
6.7516e+00
6.4653e+00
6.6746e+00
6.9353e+00
8.7909e+00
8.4000e+00
8.4148e+00
8.5078e+00
8.4641e+00
8.7412e+00
1.3489e+00
2.5003e-01
4.9578e-01
6.2808e-01
2.4253e-01
2.9700e-01
7.3529e-02
9.4065e+00
7.8370e-02
7.8370e-02
2.4873e+00
2.4873e+00
2.4873e+00
2.4873e+00
2.4873e+00
6.9583e-01
6.9583e-01
6.9583e-01
6.9583e-01
6.9583e-01
4.6099e-01
4.6099e-01
4.6099e-01
4.6099e-01
4.6099e-01
2.5088e+01
2.5088e+01
2.5088e+01
2.5088e+01
2.5088e+01
6.7663e+00
6.7663e+00
6.7663e+00
6.7663e+00
6.7663e+00
4.4043e+00
4.4043e+00
4.4043e+00
4.4043e+00
4.4043e+00
8.2214e+01
8.2214e+01
8.2214e+01
8.2214e+01
8.2214e+01
2.2072e+01
2.2072e+01
2.2072e+01
2.2072e+01
2.2072e+01
1.4335e+01
1.4335e+01
1.4335e+01
1.4335e+01
1.4335e+01
1.9202e+02
1.9202e+02
1.9202e+02
1.9202e+02
1.9202e+02
5.1441e+01
5.1441e+01
5.1441e+01
5.1441e+01
5.1441e+01
3.3371e+01
3.3371e+01
3.3371e+01
3.3371e+01
3.3371e+01
2.6805e+02
2.6805e+02
2.6805e+02
2.6805e+02
2.6805e+02
7.1762e+01
7.1762e+01
7.1762e+01
7.1762e+01
7.1762e+01
4.6539e+01
4.6539e+01
4.6539e+01
4.6539e+01
4.6539e+01
2.6459e-03
2.6459e-03
2.6459e-03
2.6459e-03
2.6459e-03
2.0859e-03
2.0859e-03
2.0859e-03
2.0859e-03
2.0859e-03
2.0859e-03
