1.28207e-08 1.23e-09
1.28207e-08 1.23e-09
1.28207e-08 1.23e-09
1.28207e-08 1.23e-09
1.28207e-08 1.23e-09
5.615e-05 1.84e-05
5.615e-05 1.84e-05
1.22734e-08 1.72e-09
1.22734e-08 1.23e-09
1.22734e-08 2.2725e-08
1.309e-08 3.83e-09
1.309e-08 1.23e-09
1.309e-08 1.72e-09
1.309e-08 8.135e-09
3.2355e-06 7e-07
3.2355e-06 7e-07
3.2355e-06 7e-07
3.2355e-06 7e-07
1.07e-08 2.8e-11
1.07e-08 8e-11
1.07e-08 6.3e-11
1.07e-08 2.2e-11
1.9e-09 2.2e-11
2e-05 4.3e-08
2.075e-05 4.3e-08
2.075e-05 4.3e-08
1.175e-06 4.3e-08
1.18e-06 4.3e-08
1.075e-06 4.3e-08
7.40176e-06 3.99e-07
7.40176e-06 7.19423e-05
1.26079e-08 7.7e-10
1.26079e-08 7.7e-10
1.26079e-08 1.10123e-08
1.26079e-08 1.10123e-08
1.06765e-08 7.7e-10
1.06765e-08 1.10123e-08
1.06765e-08 7.7e-10
1.06765e-08 1.10123e-08
7.40176e-06 5.51e-08
3.95522e-05 5.51e-08
1.67122e-05 5.51e-08
7.40176e-06 5.51e-08
7.4676e-07 5.51e-08
2.93318e-07 8.43e-10
1.55931e-07 8.43e-10
1.55931e-07 8.43e-10
1.55931e-07 8.43e-10
2.93318e-07 8.43e-10
2.93318e-07 8.43e-10
1.55931e-07 8.43e-10
2.93318e-07 8.43e-10
0.0001087 1.78e-05
0.0001087 1.78e-05
6.50027e-05 2e-05
6.65624e-05 2e-05
6.65624e-05 2e-05
1.52988e-06 2.17965e-07
3.48333e-06 2.17965e-07
3.62e-07 2.17965e-07
1.33994e-06 2.17965e-07
1.52988e-06 5.71667e-08
3.48333e-06 5.71667e-08
3.62e-07 5.71667e-08
1.33994e-06 5.71667e-08
9.93e-06 6.28e-07
9.93e-06 6.28e-07
9.93e-06 6.28e-07
9.93e-06 6.28e-07
1.05848e-08 6.37e-10
1.756e-08 6.37e-10
1.756e-08 1.013e-09
1.05848e-08 7.035e-09
1.05848e-08 1.013e-09
1.756e-08 7.035e-09
2.82214e-05 2.53649e-08
8.23728e-06 2.53649e-08
6.52691e-06 2.53649e-08
4.59071e-06 2.53649e-08
1.05738e-05 2.53649e-08
2e-05 4.8e-07
3e-05 4.8e-07
1e-05 4.8e-07
2e-05 5.5e-07
3e-05 5.5e-07
1e-05 5.5e-07
0.000159644 1.1171e-06
7.40176e-06 5.5e-07
7.40176e-06 5.5e-07
1.67122e-05 5.5e-07
1.67122e-05 5.5e-07
3.95522e-05 5.5e-07
4.71e-06 5.5e-07
4.71e-06 5.5e-07
4.71e-06 5.5e-07
4.71e-06 5.5e-07
4.71e-06 5.5e-07
4.71e-06 5.5e-07
3.25e-07 5.5e-07
8.717e-05 2.326e-05
6.36e-05 2.326e-05
6.511e-05 2.326e-05
7.559e-05 2.326e-05
7.344e-05 2.326e-05
7.082e-05 2.326e-05
0.00012774 2.326e-05
0.00013274 2.326e-05
0.0001291 2.326e-05
0.00013564 2.326e-05
0.0001523 2.326e-05
0.00013136 2.326e-05
6.502e-05 1.42e-06
6.469e-05 1.42e-06
6.201e-05 1.42e-06
7.181e-05 1.42e-06
6.565e-05 1.42e-06
6.779e-05 1.42e-06
0.00011993 1.42e-06
0.00012277 1.42e-06
0.00012182 1.42e-06
0.00011757 1.42e-06
0.00012068 1.42e-06
0.00012453 1.42e-06
0.00015123 1.42e-06
0.0001457 1.42e-06
0.00014591 1.42e-06
0.00014723 1.42e-06
0.00014661 1.42e-06
0.00015053 1.42e-06
0.000302 2.326e-05
7.152e-05 2.326e-05
0.0001291 2.326e-05
0.00015802 2.326e-05
6.965e-05 2.326e-05
1.141e-05 1.42e-06
3.45e-06 1.42e-06
2.577e-05 1.5e-07
7.05e-09 7.7e-10
7.05e-09 7.7e-10
1.16e-06 9.5e-09
1.16e-06 9.5e-09
1.16e-06 9.5e-09
1.16e-06 9.5e-09
1.16e-06 9.5e-09
1.16e-06 3.565e-08
1.16e-06 3.565e-08
1.16e-06 3.565e-08
1.16e-06 3.565e-08
1.16e-06 3.565e-08
1.16e-06 5.51e-08
1.16e-06 5.51e-08
1.16e-06 5.51e-08
1.16e-06 5.51e-08
1.16e-06 5.51e-08
6.08e-06 9.5e-09
6.08e-06 9.5e-09
6.08e-06 9.5e-09
6.08e-06 9.5e-09
6.08e-06 9.5e-09
6.08e-06 3.565e-08
6.08e-06 3.565e-08
6.08e-06 3.565e-08
6.08e-06 3.565e-08
6.08e-06 3.565e-08
6.08e-06 5.51e-08
6.08e-06 5.51e-08
6.08e-06 5.51e-08
6.08e-06 5.51e-08
6.08e-06 5.51e-08
1.601e-05 9.5e-09
1.601e-05 9.5e-09
1.601e-05 9.5e-09
1.601e-05 9.5e-09
1.601e-05 9.5e-09
1.601e-05 3.565e-08
1.601e-05 3.565e-08
1.601e-05 3.565e-08
1.601e-05 3.565e-08
1.601e-05 3.565e-08
1.601e-05 5.51e-08
1.601e-05 5.51e-08
1.601e-05 5.51e-08
1.601e-05 5.51e-08
1.601e-05 5.51e-08
3.196e-05 9.5e-09
3.196e-05 9.5e-09
3.196e-05 9.5e-09
3.196e-05 9.5e-09
3.196e-05 9.5e-09
3.196e-05 3.565e-08
3.196e-05 3.565e-08
3.196e-05 3.565e-08
3.196e-05 3.565e-08
3.196e-05 3.565e-08
3.196e-05 5.51e-08
3.196e-05 5.51e-08
3.196e-05 5.51e-08
3.196e-05 5.51e-08
3.196e-05 5.51e-08
4.194e-05 9.5e-09
4.194e-05 9.5e-09
4.194e-05 9.5e-09
4.194e-05 9.5e-09
4.194e-05 9.5e-09
4.194e-05 3.565e-08
4.194e-05 3.565e-08
4.194e-05 3.565e-08
4.194e-05 3.565e-08
4.194e-05 3.565e-08
4.194e-05 5.51e-08
4.194e-05 5.51e-08
4.194e-05 5.51e-08
4.194e-05 5.51e-08
4.194e-05 5.51e-08
4.38648e-09 1.97599e-08
4.38648e-09 1.97599e-08
4.38648e-09 1.97599e-08
4.38648e-09 1.97599e-08
4.38648e-09 1.97599e-08
4.38648e-09 2.6591e-08
4.38648e-09 2.6591e-08
4.38648e-09 2.6591e-08
4.38648e-09 2.6591e-08
4.38648e-09 2.6591e-08
4.38648e-09 2.6591e-08
