0.00122086 1.29858e-07
0.00122086 1.29858e-07
0.00150553 1.2674e-05
0.00150553 1.2674e-05
0.00150553 1.2674e-05
0.00150553 1.2674e-05
0.004025 1.71891e-07
9.1871e-06 1.89581e-08
9.1871e-06 1.89581e-08
0.140407 0.0100867
0.0259642 0.00200239
0.136734 0.0103546
0.0299838 0.00177724
6.76984e-08 3.775e-09
1.95856e-07 3.775e-09
3.82959e-07 3.775e-09
6.76984e-08 3.775e-09
3.82959e-07 3.775e-09
6.76984e-08 3.775e-09
6.76984e-08 3.775e-09
6.76984e-08 3.775e-09
3.82959e-07 3.775e-09
3.82959e-07 3.775e-09
3.82959e-07 3.775e-09
3.82959e-07 3.68766e-09
6.76984e-08 3.68766e-09
6.76984e-08 3.68766e-09
6.76984e-08 3.68766e-09
3.82959e-07 3.68766e-09
6.76984e-08 3.68766e-09
3.82959e-07 3.68766e-09
3.82959e-07 3.68766e-09
1.95856e-07 3.68766e-09
6.76984e-08 3.68766e-09
1.95856e-07 3.68766e-09
3.82959e-07 3.68766e-09
6.76984e-08 3.60006e-08
3.82959e-07 3.60006e-08
3.82959e-07 6.40621e-08
3.82959e-07 3.60006e-08
1.95856e-07 3.60006e-08
6.76984e-08 3.60006e-08
6.76984e-08 3.60006e-08
1.95856e-07 3.60006e-08
3.82959e-07 1.29858e-07
3.82959e-07 2.20127e-07
3.82959e-07 1.29858e-07
3.82959e-07 2.20127e-07
3.82959e-07 2.20127e-07
6.76984e-08 3.60006e-08
6.76984e-08 3.60006e-08
3.82959e-07 3.60006e-08
6.76984e-08 1.29858e-07
3.82959e-07 2.20127e-07
3.82959e-07 2.20127e-07
1.95856e-07 1.29858e-07
3.82959e-07 3.60006e-08
3.82959e-07 3.60006e-08
3.7909e-05 1.5e-08
3.7909e-05 2.025e-08
0.000236209 1.71227e-07
3.91057e-06 8e-08
3.91057e-06 8e-08
3.3778e-06 8e-08
2.1e-05 9e-07
2.1e-05 9e-07
1.7e-05 9e-07
1.7e-05 9e-07
1.7e-05 9e-07
2.1e-05 9e-07
0.000694201 7.05622e-05
0.0019364 7.05622e-05
0.00400951 7.05622e-05
0.00705137 7.05622e-05
0.0111841 7.05622e-05
0.0165187 7.05622e-05
0.0231578 7.05622e-05
0.031197 7.05622e-05
0.0407267 7.05622e-05
0.113603 7.05622e-05
0.000694201 2.64848e-05
0.000694201 1.13308e-07
0.0019364 1.13308e-07
0.00400951 1.13308e-07
0.00705137 1.13308e-07
0.0111841 1.13308e-07
0.0165187 1.13308e-07
0.0231578 1.13308e-07
0.031197 1.13308e-07
0.0407267 1.13308e-07
0.113603 1.13308e-07
0.00400951 0.000152969
0.00705137 0.00026902
0.0111841 0.000426691
0.0165187 0.000630215
0.0231578 0.000883504
0.031197 0.00119021
0.0407267 0.00155378
0.113603 0.00433413
0.000236209 4.86727e-05
0.000236209 4.86727e-05
0.000236209 4.86727e-05
0.000236209 4.86727e-05
4e-08 6e-10
4e-07 1.16e-09
2e-07 1.16e-09
8e-07 1.16e-09
6e-08 6e-10
8e-08 6e-10
8e-07 1.16e-09
2e-07 6e-10
8e-08 6e-10
6e-08 6e-10
4e-07 1.16e-09
4e-08 6e-10
8e-07 1.16e-09
4e-08 6e-10
6e-08 6e-10
4e-07 1.16e-09
2e-07 6e-10
8e-08 6e-10
0.00541 1.11862e-07
0.00856713 2.6e-05
0.00856713 2.6e-05
0.00982296 2.6e-05
0.00982296 2.6e-05
2.5e-06 1.07698e-06
2.5e-06 1.98902e-05
2.5e-06 1.22189e-07
2.5e-06 3.75082e-07
0.000694201 7.2011e-07
0.0019364 7.2011e-07
0.00400951 7.2011e-07
0.000120193 7.2011e-07
0.000694201 7.2011e-07
0.0019364 7.2011e-07
0.00400951 7.2011e-07
0.000120193 7.2011e-07
0.000335266 7.2011e-07
0.000694201 7.2011e-07
0.0019364 7.2011e-07
0.00400951 7.2011e-07
0.000120193 7.2011e-07
0.000335266 7.2011e-07
0.0449752 7.34494e-07
0.0469708 7.34494e-07
0.0434592 2.29882e-10
0.00380972 2.69563e-10
0.0485592 2.29882e-10
2.9852e-10 2.9648e-11
8.16465e-05 8.12754e-08
8.16465e-05 2.50945e-08
8.16465e-05 2.50945e-08
8.16465e-05 1.22189e-07
2.82214e-05 2.50945e-08
8.16465e-05 8.12754e-08
8.16465e-05 8.12754e-08
2.82214e-05 4.89795e-08
8.16465e-05 8.12754e-08
8.16465e-05 1.71891e-07
8.16465e-05 2.50945e-08
2.82214e-05 8.12754e-08
8.16465e-05 4.89795e-08
8.16465e-05 2.50945e-08
0.00440791 0.000335266
0.000150371 3.83276e-07
8.84079e-05 8.62286e-08
1.25965e-05 4.89795e-08
8.84079e-05 3.83276e-07
2.49285e-05 8.62286e-08
8.84079e-05 1.22189e-07
5.03738e-05 8.62286e-08
2.49285e-05 2.30525e-07
5.03738e-05 4.89795e-08
0.000150371 8.62286e-08
2.49285e-05 1.22189e-07
0.000150371 2.30525e-07
5.03738e-05 3.83276e-07
0.000150371 4.89795e-08
8.84079e-05 4.89795e-08
0.000150371 1.22189e-07
8.84079e-05 2.30525e-07
1.25965e-05 8.62286e-08
5.03738e-05 1.22189e-07
5.03738e-05 2.30525e-07
1.25965e-05 1.22189e-07
2.49285e-05 4.89795e-08
8.84079e-05 1.744e-07
8.84079e-05 1.744e-07
8.84079e-05 1.744e-07
8.84079e-05 1.744e-07
8.84079e-05 1.744e-07
8.84079e-05 1.744e-07
8.16465e-05 4.0095e-08
8.16465e-05 4.0095e-08
8.16465e-05 1.71891e-07
8.16465e-05 4.0095e-08
8.16465e-05 9.39467e-08
8.16465e-05 1.71891e-07
8.16465e-05 4.0095e-08
8.16465e-05 1.71891e-07
8.16465e-05 4.0095e-08
8.16465e-05 1.71891e-07
8.16465e-05 4.0095e-08
