Volume Mass Radius Surface Stroke Energy Bs Bt Detection ForSpeed  ForCost
1.1871e-11 1.2821e-08 1.4151e-04 6.2914e-08 3.7243e-03 4.7180e-02 9.4850e-17 8.9965e-34 5.6389e-06 1.0764e-01 5.8976e-09
1.1871e-11 1.2821e-08 1.4151e-04 6.2914e-08 3.7243e-03 4.7180e-02 9.4850e-17 8.9965e-34 5.6389e-06 1.0764e-01 5.8976e-09
1.1871e-11 1.2821e-08 1.4151e-04 6.2914e-08 3.7243e-03 4.7180e-02 9.4850e-17 8.9965e-34 5.6389e-06 1.0764e-01 5.8976e-09
1.1871e-11 1.2821e-08 1.4151e-04 6.2914e-08 3.7243e-03 4.7180e-02 9.4850e-17 8.9965e-34 5.6389e-06 1.0764e-01 5.8976e-09
1.1871e-11 1.2821e-08 1.4151e-04 6.2914e-08 3.7243e-03 4.7180e-02 9.4850e-17 8.9965e-34 5.6389e-06 1.0764e-01 5.8976e-09
5.1991e-08 5.6150e-05 2.3153e-03 1.6841e-05 3.0297e-02 2.0663e+02 2.9704e-13 8.8233e-27 3.4316e-04 6.7194e-01 1.6752e-04
5.1991e-08 5.6150e-05 2.3153e-03 1.6841e-05 3.0297e-02 2.0663e+02 2.9704e-13 8.8233e-27 3.4316e-04 6.7194e-01 1.6752e-04
1.1364e-11 1.2273e-08 1.3947e-04 6.1111e-08 3.6839e-03 4.5166e-02 9.0959e-17 8.2736e-34 5.5197e-06 1.0640e-01 5.5863e-09
1.1364e-11 1.2273e-08 1.3947e-04 6.1111e-08 3.6839e-03 4.5166e-02 9.0959e-17 8.2736e-34 5.5197e-06 1.0640e-01 5.5863e-09
1.1364e-11 1.2273e-08 1.3947e-04 6.1111e-08 3.6839e-03 4.5166e-02 9.0959e-17 8.2736e-34 5.5197e-06 1.0640e-01 5.5863e-09
1.2120e-11 1.3090e-08 1.4250e-04 6.3792e-08 3.7437e-03 4.8171e-02 9.6761e-17 9.3628e-34 5.6967e-06 1.0824e-01 6.0531e-09
1.2120e-11 1.3090e-08 1.4250e-04 6.3792e-08 3.7437e-03 4.8171e-02 9.6761e-17 9.3628e-34 5.6967e-06 1.0824e-01 6.0531e-09
1.2120e-11 1.3090e-08 1.4250e-04 6.3792e-08 3.7437e-03 4.8171e-02 9.6761e-17 9.3628e-34 5.6967e-06 1.0824e-01 6.0531e-09
1.2120e-11 1.3090e-08 1.4250e-04 6.3792e-08 3.7437e-03 4.8171e-02 9.6761e-17 9.3628e-34 5.6967e-06 1.0824e-01 6.0531e-09
2.9958e-09 3.2355e-06 8.9429e-04 2.5125e-06 1.4844e-02 1.1907e+01 1.9186e-14 3.6810e-29 8.4760e-05 3.2629e-01 4.7207e-06
2.9958e-09 3.2355e-06 8.9429e-04 2.5125e-06 1.4844e-02 1.1907e+01 1.9186e-14 3.6810e-29 8.4760e-05 3.2629e-01 4.7207e-06
2.9958e-09 3.2355e-06 8.9429e-04 2.5125e-06 1.4844e-02 1.1907e+01 1.9186e-14 3.6810e-29 8.4760e-05 3.2629e-01 4.7207e-06
2.9958e-09 3.2355e-06 8.9429e-04 2.5125e-06 1.4844e-02 1.1907e+01 1.9186e-14 3.6810e-29 8.4760e-05 3.2629e-01 4.7207e-06
9.9074e-12 1.0700e-08 1.3324e-04 5.5770e-08 3.5597e-03 3.9376e-02 7.9735e-17 6.3577e-34 5.1608e-06 1.0258e-01 4.7065e-09
9.9074e-12 1.0700e-08 1.3324e-04 5.5770e-08 3.5597e-03 3.9376e-02 7.9735e-17 6.3577e-34 5.1608e-06 1.0258e-01 4.7065e-09
9.9074e-12 1.0700e-08 1.3324e-04 5.5770e-08 3.5597e-03 3.9376e-02 7.9735e-17 6.3577e-34 5.1608e-06 1.0258e-01 4.7065e-09
9.9074e-12 1.0700e-08 1.3324e-04 5.5770e-08 3.5597e-03 3.9376e-02 7.9735e-17 6.3577e-34 5.1608e-06 1.0258e-01 4.7065e-09
1.7593e-12 1.9000e-09 7.4888e-05 1.7619e-08 2.3108e-03 6.9920e-03 1.5172e-17 2.3019e-35 2.2126e-06 6.3873e-02 5.4520e-10
1.8519e-08 2.0000e-05 1.6412e-03 8.4624e-06 2.3406e-02 7.3600e+01 1.1026e-13 1.2158e-27 2.0693e-04 7.0164e-01 5.7555e-05
1.9213e-08 2.0750e-05 1.6615e-03 8.6727e-06 2.3622e-02 7.6360e+01 1.1423e-13 1.3048e-27 2.1070e-04 7.0813e-01 6.0266e-05
1.9213e-08 2.0750e-05 1.6615e-03 8.6727e-06 2.3622e-02 7.6360e+01 1.1423e-13 1.3048e-27 2.1070e-04 7.0813e-01 6.0266e-05
1.0880e-09 1.1750e-06 6.3803e-04 1.2789e-06 1.1523e-02 4.3240e+00 7.2557e-15 5.2645e-30 5.1599e-05 2.5264e-01 1.3313e-06
1.0926e-09 1.1800e-06 6.3893e-04 1.2825e-06 1.1536e-02 4.3424e+00 7.2853e-15 5.3076e-30 5.1706e-05 2.5292e-01 1.3384e-06
9.9537e-10 1.0750e-06 6.1939e-04 1.2053e-06 1.1270e-02 3.9560e+00 6.6618e-15 4.4380e-30 4.9398e-05 2.4702e-01 1.1912e-06
6.8535e-09 7.4018e-06 1.1783e-03 4.3621e-06 1.8256e-02 2.7238e+01 4.2462e-14 1.8030e-28 1.2714e-04 4.0089e-01 1.3267e-05
6.8535e-09 7.4018e-06 1.1783e-03 4.3621e-06 1.8256e-02 2.7238e+01 4.2462e-14 1.8030e-28 1.2714e-04 4.0089e-01 1.3267e-05
1.1674e-11 1.2608e-08 1.4073e-04 6.2216e-08 3.7088e-03 4.6397e-02 9.3338e-17 8.7119e-34 5.5929e-06 1.0716e-01 5.7753e-09
1.1674e-11 1.2608e-08 1.4073e-04 6.2216e-08 3.7088e-03 4.6397e-02 9.3338e-17 8.7119e-34 5.5929e-06 1.0716e-01 5.7753e-09
1.1674e-11 1.2608e-08 1.4073e-04 6.2216e-08 3.7088e-03 4.6397e-02 9.3338e-17 8.7119e-34 5.5929e-06 1.0716e-01 5.7753e-09
1.1674e-11 1.2608e-08 1.4073e-04 6.2216e-08 3.7088e-03 4.6397e-02 9.3338e-17 8.7119e-34 5.5929e-06 1.0716e-01 5.7753e-09
9.8856e-12 1.0676e-08 1.3314e-04 5.5688e-08 3.5577e-03 3.9290e-02 7.9567e-17 6.3309e-34 5.1553e-06 1.0252e-01 4.6936e-09
9.8856e-12 1.0676e-08 1.3314e-04 5.5688e-08 3.5577e-03 3.9290e-02 7.9567e-17 6.3309e-34 5.1553e-06 1.0252e-01 4.6936e-09
9.8856e-12 1.0676e-08 1.3314e-04 5.5688e-08 3.5577e-03 3.9290e-02 7.9567e-17 6.3309e-34 5.1553e-06 1.0252e-01 4.6936e-09
9.8856e-12 1.0676e-08 1.3314e-04 5.5688e-08 3.5577e-03 3.9290e-02 7.9567e-17 6.3309e-34 5.1553e-06 1.0252e-01 4.6936e-09
6.8535e-09 7.4018e-06 1.1783e-03 4.3621e-06 1.8256e-02 2.7238e+01 4.2462e-14 1.8030e-28 1.2714e-04 4.0089e-01 1.3267e-05
3.6622e-08 3.9552e-05 2.0601e-03 1.3333e-05 2.7756e-02 1.4555e+02 2.1219e-13 4.5024e-27 2.8902e-04 8.3213e-01 1.3498e-04
1.5474e-08 1.6712e-05 1.5459e-03 7.5075e-06 2.2378e-02 6.1501e+01 9.2801e-14 8.6120e-28 1.8950e-04 6.7079e-01 4.5982e-05
6.8535e-09 7.4018e-06 1.1783e-03 4.3621e-06 1.8256e-02 2.7238e+01 4.2462e-14 1.8030e-28 1.2714e-04 4.0089e-01 1.3267e-05
6.9144e-10 7.4676e-07 5.4856e-04 9.4536e-07 1.0289e-02 2.7481e+00 4.6956e-15 2.2049e-30 4.1322e-05 2.2522e-01 7.5570e-07
2.7159e-10 2.9332e-07 4.0174e-04 5.0703e-07 8.1452e-03 1.0794e+00 1.9146e-15 3.6658e-31 2.6141e-05 1.7752e-01 2.3518e-07
1.4438e-10 1.5593e-07 3.2544e-04 3.3273e-07 6.9551e-03 5.7383e-01 1.0439e-15 1.0897e-31 1.9180e-05 1.5097e-01 1.0683e-07
1.4438e-10 1.5593e-07 3.2544e-04 3.3273e-07 6.9551e-03 5.7383e-01 1.0439e-15 1.0897e-31 1.9180e-05 1.5097e-01 1.0683e-07
1.4438e-10 1.5593e-07 3.2544e-04 3.3273e-07 6.9551e-03 5.7383e-01 1.0439e-15 1.0897e-31 1.9180e-05 1.5097e-01 1.0683e-07
2.7159e-10 2.9332e-07 4.0174e-04 5.0703e-07 8.1452e-03 1.0794e+00 1.9146e-15 3.6658e-31 2.6141e-05 1.7752e-01 2.3518e-07
2.7159e-10 2.9332e-07 4.0174e-04 5.0703e-07 8.1452e-03 1.0794e+00 1.9146e-15 3.6658e-31 2.6141e-05 1.7752e-01 2.3518e-07
1.4438e-10 1.5593e-07 3.2544e-04 3.3273e-07 6.9551e-03 5.7383e-01 1.0439e-15 1.0897e-31 1.9180e-05 1.5097e-01 1.0683e-07
2.7159e-10 2.9332e-07 4.0174e-04 5.0703e-07 8.1452e-03 1.0794e+00 1.9146e-15 3.6658e-31 2.6141e-05 1.7752e-01 2.3518e-07
1.0065e-07 1.0870e-04 2.8856e-03 2.6159e-05 3.5738e-02 4.0002e+02 5.6004e-13 3.1365e-26 4.7432e-04 1.0711e+00 4.7756e-04
1.0065e-07 1.0870e-04 2.8856e-03 2.6159e-05 3.5738e-02 4.0002e+02 5.6004e-13 3.1365e-26 4.7432e-04 1.0711e+00 4.7756e-04
6.0188e-08 6.5003e-05 2.4311e-03 1.8568e-05 3.1427e-02 2.3921e+02 3.4186e-13 1.1687e-26 3.6869e-04 9.4209e-01 2.5113e-04
6.1632e-08 6.6562e-05 2.4504e-03 1.8864e-05 3.1614e-02 2.4495e+02 3.4974e-13 1.2232e-26 3.7299e-04 9.4768e-01 2.5869e-04
6.1632e-08 6.6562e-05 2.4504e-03 1.8864e-05 3.1614e-02 2.4495e+02 3.4974e-13 1.2232e-26 3.7299e-04 9.4768e-01 2.5869e-04
1.4166e-09 1.5299e-06 6.9670e-04 1.5249e-06 1.2309e-02 5.6300e+00 9.3478e-15 8.7382e-30 5.8722e-05 2.7009e-01 1.8515e-06
3.2253e-09 3.4833e-06 9.1656e-04 2.6392e-06 1.5121e-02 1.2819e+01 2.0595e-14 4.2414e-29 8.7882e-05 3.3241e-01 5.1770e-06
3.3519e-10 3.6200e-07 4.3092e-04 5.8337e-07 8.5851e-03 1.3322e+00 2.3432e-15 5.4904e-31 2.8979e-05 1.8732e-01 3.0581e-07
1.2407e-09 1.3399e-06 6.6659e-04 1.3959e-06 1.1908e-02 4.9310e+00 8.2308e-15 6.7746e-30 5.5029e-05 2.6119e-01 1.5690e-06
1.4166e-09 1.5299e-06 6.9670e-04 1.5249e-06 1.2309e-02 5.6300e+00 9.3478e-15 8.7382e-30 5.8722e-05 2.7009e-01 1.8515e-06
3.2253e-09 3.4833e-06 9.1656e-04 2.6392e-06 1.5121e-02 1.2819e+01 2.0595e-14 4.2414e-29 8.7882e-05 3.3241e-01 5.1770e-06
3.3519e-10 3.6200e-07 4.3092e-04 5.8337e-07 8.5851e-03 1.3322e+00 2.3432e-15 5.4904e-31 2.8979e-05 1.8732e-01 3.0581e-07
1.2407e-09 1.3399e-06 6.6659e-04 1.3959e-06 1.1908e-02 4.9310e+00 8.2308e-15 6.7746e-30 5.5029e-05 2.6119e-01 1.5690e-06
9.1944e-09 9.9300e-06 1.2996e-03 5.3061e-06 1.9647e-02 3.6542e+01 5.6300e-14 3.1697e-28 1.4683e-04 4.3259e-01 1.9171e-05
9.1944e-09 9.9300e-06 1.2996e-03 5.3061e-06 1.9647e-02 3.6542e+01 5.6300e-14 3.1697e-28 1.4683e-04 4.3259e-01 1.9171e-05
9.1944e-09 9.9300e-06 1.2996e-03 5.3061e-06 1.9647e-02 3.6542e+01 5.6300e-14 3.1697e-28 1.4683e-04 4.3259e-01 1.9171e-05
9.1944e-09 9.9300e-06 1.2996e-03 5.3061e-06 1.9647e-02 3.6542e+01 5.6300e-14 3.1697e-28 1.4683e-04 4.3259e-01 1.9171e-05
9.8007e-12 1.0585e-08 1.3276e-04 5.5369e-08 3.5501e-03 3.8952e-02 7.8911e-17 6.2269e-34 5.1335e-06 1.0228e-01 4.6432e-09
1.6259e-11 1.7560e-08 1.5716e-04 7.7593e-08 4.0290e-03 6.4621e-02 1.2829e-16 1.6458e-33 6.5787e-06 1.1699e-01 8.7349e-09
1.6259e-11 1.7560e-08 1.5716e-04 7.7593e-08 4.0290e-03 6.4621e-02 1.2829e-16 1.6458e-33 6.5787e-06 1.1699e-01 8.7349e-09
9.8007e-12 1.0585e-08 1.3276e-04 5.5369e-08 3.5501e-03 3.8952e-02 7.8911e-17 6.2269e-34 5.1335e-06 1.0228e-01 4.6432e-09
9.8007e-12 1.0585e-08 1.3276e-04 5.5369e-08 3.5501e-03 3.8952e-02 7.8911e-17 6.2269e-34 5.1335e-06 1.0228e-01 4.6432e-09
1.6259e-11 1.7560e-08 1.5716e-04 7.7593e-08 4.0290e-03 6.4621e-02 1.2829e-16 1.6458e-33 6.5787e-06 1.1699e-01 8.7349e-09
2.6131e-08 2.8221e-05 1.8409e-03 1.0646e-05 2.5510e-02 1.0385e+02 1.5346e-13 2.3550e-27 2.4496e-04 7.6478e-01 8.8518e-05
7.6271e-09 8.2373e-06 1.2211e-03 4.6845e-06 1.8751e-02 3.0313e+01 4.7054e-14 2.2140e-28 1.3398e-04 4.1492e-01 1.5204e-05
6.0434e-09 6.5269e-06 1.1300e-03 4.0113e-06 1.7691e-02 2.4019e+01 3.7632e-14 1.4162e-28 1.1954e-04 5.2995e-01 1.4200e-05
4.2507e-09 4.5907e-06 1.0049e-03 3.1725e-06 1.6201e-02 1.6894e+01 2.6844e-14 7.2059e-29 1.0061e-04 4.8512e-01 9.1462e-06
9.7906e-09 1.0574e-05 1.3271e-03 5.5330e-06 1.9958e-02 3.8912e+01 5.9800e-14 3.5761e-28 1.5142e-04 4.4295e-01 2.0793e-05
1.8519e-08 2.0000e-05 1.6412e-03 8.4624e-06 2.3406e-02 7.3600e+01 1.1026e-13 1.2158e-27 2.0693e-04 7.0164e-01 5.7555e-05
2.7778e-08 3.0000e-05 1.8788e-03 1.1089e-05 2.5903e-02 1.1040e+02 1.6273e-13 2.6482e-27 2.5241e-04 7.7656e-01 9.5546e-05
9.2593e-09 1.0000e-05 1.3027e-03 5.3310e-06 1.9682e-02 3.6800e+01 5.6681e-14 3.2128e-28 1.4734e-04 4.3336e-01 1.9340e-05
1.8519e-08 2.0000e-05 1.6412e-03 8.4624e-06 2.3406e-02 7.3600e+01 1.1026e-13 1.2158e-27 2.0693e-04 7.0164e-01 5.7555e-05
2.7778e-08 3.0000e-05 1.8788e-03 1.1089e-05 2.5903e-02 1.1040e+02 1.6273e-13 2.6482e-27 2.5241e-04 7.7656e-01 9.5546e-05
9.2593e-09 1.0000e-05 1.3027e-03 5.3310e-06 1.9682e-02 3.6800e+01 5.6681e-14 3.2128e-28 1.4734e-04 4.3336e-01 1.9340e-05
1.4782e-07 1.5964e-04 3.2800e-03 3.3799e-05 3.9342e-02 5.8749e+02 8.0997e-13 6.5605e-26 5.7262e-04 1.1789e+00 7.7212e-04
6.8535e-09 7.4018e-06 1.1783e-03 4.3621e-06 1.8256e-02 2.7238e+01 4.2462e-14 1.8030e-28 1.2714e-04 4.0089e-01 1.3267e-05
6.8535e-09 7.4018e-06 1.1783e-03 4.3621e-06 1.8256e-02 2.7238e+01 4.2462e-14 1.8030e-28 1.2714e-04 4.0089e-01 1.3267e-05
1.5474e-08 1.6712e-05 1.5459e-03 7.5075e-06 2.2378e-02 6.1501e+01 9.2801e-14 8.6120e-28 1.8950e-04 6.7079e-01 4.5982e-05
1.5474e-08 1.6712e-05 1.5459e-03 7.5075e-06 2.2378e-02 6.1501e+01 9.2801e-14 8.6120e-28 1.8950e-04 6.7079e-01 4.5982e-05
3.6622e-08 3.9552e-05 2.0601e-03 1.3333e-05 2.7756e-02 1.4555e+02 2.1219e-13 4.5024e-27 2.8902e-04 8.3213e-01 1.3498e-04
4.3611e-09 4.7100e-06 1.0135e-03 3.2272e-06 1.6305e-02 1.7333e+01 2.7513e-14 7.5697e-29 1.0188e-04 4.8826e-01 9.4443e-06
4.3611e-09 4.7100e-06 1.0135e-03 3.2272e-06 1.6305e-02 1.7333e+01 2.7513e-14 7.5697e-29 1.0188e-04 4.8826e-01 9.4443e-06
4.3611e-09 4.7100e-06 1.0135e-03 3.2272e-06 1.6305e-02 1.7333e+01 2.7513e-14 7.5697e-29 1.0188e-04 4.8826e-01 9.4443e-06
4.3611e-09 4.7100e-06 1.0135e-03 3.2272e-06 1.6305e-02 1.7333e+01 2.7513e-14 7.5697e-29 1.0188e-04 4.8826e-01 9.4443e-06
4.3611e-09 4.7100e-06 1.0135e-03 3.2272e-06 1.6305e-02 1.7333e+01 2.7513e-14 7.5697e-29 1.0188e-04 4.8826e-01 9.4443e-06
4.3611e-09 4.7100e-06 1.0135e-03 3.2272e-06 1.6305e-02 1.7333e+01 2.7513e-14 7.5697e-29 1.0188e-04 4.8826e-01 9.4443e-06
3.0093e-10 3.2500e-07 4.1571e-04 5.4291e-07 8.3568e-03 1.1960e+00 2.1128e-15 4.4637e-31 2.7488e-05 1.8224e-01 2.6732e-07
8.0713e-08 8.7170e-05 2.6809e-03 2.2580e-05 3.3819e-02 3.2079e+02 4.5310e-13 2.0530e-26 4.2570e-04 1.0137e+00 3.6241e-04
5.8889e-08 6.3600e-05 2.4135e-03 1.8300e-05 3.1256e-02 2.3405e+02 3.3478e-13 1.1208e-26 3.6477e-04 9.3697e-01 2.4438e-04
6.0287e-08 6.5110e-05 2.4325e-03 1.8588e-05 3.1440e-02 2.3960e+02 3.4241e-13 1.1724e-26 3.6898e-04 9.4248e-01 2.5165e-04
6.9991e-08 7.5590e-05 2.5565e-03 2.0533e-05 3.2635e-02 2.7817e+02 3.9515e-13 1.5615e-26 3.9698e-04 9.7826e-01 3.0326e-04
6.8000e-08 7.3440e-05 2.5321e-03 2.0142e-05 3.2400e-02 2.7026e+02 3.8436e-13 1.4773e-26 3.9141e-04 9.7124e-01 2.9252e-04
6.5574e-08 7.0820e-05 2.5016e-03 1.9660e-05 3.2108e-02 2.6062e+02 3.7118e-13 1.3778e-26 3.8450e-04 9.6247e-01 2.7953e-04
1.1828e-07 1.2774e-04 3.0451e-03 2.9131e-05 3.7209e-02 4.7008e+02 6.5390e-13 4.2759e-26 5.1336e-04 1.1151e+00 5.8432e-04
1.2291e-07 1.3274e-04 3.0843e-03 2.9887e-05 3.7568e-02 4.8848e+02 6.7846e-13 4.6030e-26 5.2311e-04 1.1259e+00 6.1305e-04
1.1954e-07 1.2910e-04 3.0559e-03 2.9338e-05 3.7308e-02 4.7509e+02 6.6059e-13 4.3637e-26 5.1603e-04 1.1181e+00 5.9211e-04
1.2559e-07 1.3564e-04 3.1066e-03 3.0320e-05 3.7772e-02 4.9916e+02 6.9268e-13 4.7981e-26 5.2868e-04 1.1319e+00 6.2984e-04
1.4102e-07 1.5230e-04 3.2290e-03 3.2755e-05 3.8882e-02 5.6046e+02 7.7416e-13 5.9933e-26 5.5956e-04 1.1651e+00 7.2798e-04
1.2163e-07 1.3136e-04 3.0736e-03 2.9679e-05 3.7470e-02 4.8340e+02 6.7168e-13 4.5116e-26 5.2044e-04 1.1229e+00 6.0509e-04
6.0204e-08 6.5020e-05 2.4313e-03 1.8571e-05 3.1429e-02 2.3927e+02 3.4195e-13 1.1693e-26 3.6873e-04 9.4215e-01 2.5122e-04
5.9898e-08 6.4690e-05 2.4272e-03 1.8508e-05 3.1389e-02 2.3806e+02 3.4029e-13 1.1579e-26 3.6782e-04 9.4095e-01 2.4962e-04
5.7417e-08 6.2010e-05 2.3932e-03 1.7994e-05 3.1059e-02 2.2820e+02 3.2674e-13 1.0676e-26 3.6027e-04 9.3106e-01 2.3676e-04
6.6491e-08 7.1810e-05 2.5132e-03 1.9843e-05 3.2219e-02 2.6426e+02 3.7616e-13 1.4150e-26 3.8712e-04 9.6581e-01 2.8443e-04
6.0787e-08 6.5650e-05 2.4392e-03 1.8691e-05 3.1505e-02 2.4159e+02 3.4513e-13 1.1912e-26 3.7048e-04 9.4442e-01 2.5426e-04
6.2769e-08 6.7790e-05 2.4654e-03 1.9095e-05 3.1758e-02 2.4947e+02 3.5593e-13 1.2668e-26 3.7635e-04 9.5202e-01 2.6466e-04
1.1105e-07 1.1993e-04 2.9818e-03 2.7931e-05 3.6627e-02 4.4134e+02 6.1548e-13 3.7881e-26 4.9773e-04 1.0977e+00 5.4001e-04
1.1368e-07 1.2277e-04 3.0051e-03 2.8371e-05 3.6842e-02 4.5179e+02 6.2946e-13 3.9622e-26 5.0347e-04 1.1041e+00 5.5604e-04
1.1280e-07 1.2182e-04 2.9973e-03 2.8224e-05 3.6770e-02 4.4830e+02 6.2478e-13 3.9036e-26 5.0156e-04 1.1020e+00 5.5067e-04
1.0886e-07 1.1757e-04 2.9621e-03 2.7564e-05 3.6445e-02 4.3266e+02 6.0384e-13 3.6463e-26 4.9291e-04 1.0923e+00 5.2676e-04
1.1174e-07 1.2068e-04 2.9880e-03 2.8048e-05 3.6684e-02 4.4410e+02 6.1917e-13 3.8337e-26 4.9925e-04 1.0994e+00 5.4424e-04
1.1531e-07 1.2453e-04 3.0194e-03 2.8641e-05 3.6973e-02 4.5827e+02 6.3812e-13 4.0720e-26 5.0700e-04 1.1081e+00 5.6602e-04
1.4003e-07 1.5123e-04 3.2214e-03 3.2601e-05 3.8813e-02 5.5653e+02 7.6894e-13 5.9127e-26 5.5763e-04 1.1631e+00 7.2159e-04
1.3491e-07 1.4570e-04 3.1816e-03 3.1802e-05 3.8453e-02 5.3618e+02 7.4193e-13 5.5046e-26 5.4754e-04 1.1523e+00 6.8876e-04
1.3510e-07 1.4591e-04 3.1832e-03 3.1832e-05 3.8467e-02 5.3695e+02 7.4295e-13 5.5198e-26 5.4793e-04 1.1527e+00 6.9000e-04
1.3632e-07 1.4723e-04 3.1927e-03 3.2024e-05 3.8554e-02 5.4181e+02 7.4941e-13 5.6161e-26 5.5035e-04 1.1553e+00 6.9781e-04
1.3575e-07 1.4661e-04 3.1882e-03 3.1934e-05 3.8513e-02 5.3952e+02 7.4638e-13 5.5708e-26 5.4921e-04 1.1541e+00 6.9414e-04
1.3938e-07 1.5053e-04 3.2164e-03 3.2501e-05 3.8768e-02 5.5395e+02 7.6552e-13 5.8603e-26 5.5636e-04 1.1617e+00 7.1742e-04
2.7963e-07 3.0200e-04 4.0566e-03 5.1699e-05 4.6139e-02 1.1114e+03 1.4936e-12 2.2310e-25 7.8257e-04 1.3819e+00 1.7130e-03
6.6222e-08 7.1520e-05 2.5098e-03 1.9789e-05 3.2187e-02 2.6319e+02 3.7471e-13 1.4040e-26 3.8636e-04 9.6484e-01 2.8299e-04
1.1954e-07 1.2910e-04 3.0559e-03 2.9338e-05 3.7308e-02 4.7509e+02 6.6059e-13 4.3637e-26 5.1603e-04 1.1181e+00 5.9211e-04
1.4631e-07 1.5802e-04 3.2689e-03 3.3570e-05 3.9242e-02 5.8151e+02 8.0205e-13 6.4329e-26 5.6976e-04 1.1759e+00 7.6231e-04
6.4491e-08 6.9650e-05 2.4877e-03 1.9443e-05 3.1974e-02 2.5631e+02 3.6530e-13 1.3344e-26 3.8137e-04 9.5847e-01 2.7377e-04
1.0565e-08 1.1410e-05 1.3612e-03 5.8210e-06 2.0342e-02 4.1989e+01 6.4333e-14 4.1387e-28 1.5718e-04 4.5125e-01 2.2864e-05
3.1944e-09 3.4500e-06 9.1363e-04 2.6223e-06 1.5084e-02 1.2696e+01 2.0405e-14 4.1638e-29 8.7469e-05 3.3161e-01 5.1152e-06
2.3861e-08 2.5770e-05 1.7859e-03 1.0020e-05 2.4937e-02 9.4834e+01 1.4064e-13 1.9780e-27 2.3430e-04 7.4759e-01 7.9013e-05
6.5278e-12 7.0500e-09 1.1594e-04 4.2228e-08 3.2071e-03 2.5944e-02 5.3420e-17 2.8537e-34 4.2066e-06 9.1716e-02 2.7968e-09
6.5278e-12 7.0500e-09 1.1594e-04 4.2228e-08 3.2071e-03 2.5944e-02 5.3420e-17 2.8537e-34 4.2066e-06 9.1716e-02 2.7968e-09
1.0741e-09 1.1600e-06 6.3530e-04 1.2680e-06 1.1486e-02 4.2688e+00 7.1667e-15 5.1362e-30 5.1275e-05 2.5182e-01 1.3101e-06
1.0741e-09 1.1600e-06 6.3530e-04 1.2680e-06 1.1486e-02 4.2688e+00 7.1667e-15 5.1362e-30 5.1275e-05 2.5182e-01 1.3101e-06
1.0741e-09 1.1600e-06 6.3530e-04 1.2680e-06 1.1486e-02 4.2688e+00 7.1667e-15 5.1362e-30 5.1275e-05 2.5182e-01 1.3101e-06
1.0741e-09 1.1600e-06 6.3530e-04 1.2680e-06 1.1486e-02 4.2688e+00 7.1667e-15 5.1362e-30 5.1275e-05 2.5182e-01 1.3101e-06
1.0741e-09 1.1600e-06 6.3530e-04 1.2680e-06 1.1486e-02 4.2688e+00 7.1667e-15 5.1362e-30 5.1275e-05 2.5182e-01 1.3101e-06
1.0741e-09 1.1600e-06 6.3530e-04 1.2680e-06 1.1486e-02 4.2688e+00 7.1667e-15 5.1362e-30 5.1275e-05 2.5182e-01 1.3101e-06
1.0741e-09 1.1600e-06 6.3530e-04 1.2680e-06 1.1486e-02 4.2688e+00 7.1667e-15 5.1362e-30 5.1275e-05 2.5182e-01 1.3101e-06
1.0741e-09 1.1600e-06 6.3530e-04 1.2680e-06 1.1486e-02 4.2688e+00 7.1667e-15 5.1362e-30 5.1275e-05 2.5182e-01 1.3101e-06
1.0741e-09 1.1600e-06 6.3530e-04 1.2680e-06 1.1486e-02 4.2688e+00 7.1667e-15 5.1362e-30 5.1275e-05 2.5182e-01 1.3101e-06
1.0741e-09 1.1600e-06 6.3530e-04 1.2680e-06 1.1486e-02 4.2688e+00 7.1667e-15 5.1362e-30 5.1275e-05 2.5182e-01 1.3101e-06
1.0741e-09 1.1600e-06 6.3530e-04 1.2680e-06 1.1486e-02 4.2688e+00 7.1667e-15 5.1362e-30 5.1275e-05 2.5182e-01 1.3101e-06
1.0741e-09 1.1600e-06 6.3530e-04 1.2680e-06 1.1486e-02 4.2688e+00 7.1667e-15 5.1362e-30 5.1275e-05 2.5182e-01 1.3101e-06
1.0741e-09 1.1600e-06 6.3530e-04 1.2680e-06 1.1486e-02 4.2688e+00 7.1667e-15 5.1362e-30 5.1275e-05 2.5182e-01 1.3101e-06
1.0741e-09 1.1600e-06 6.3530e-04 1.2680e-06 1.1486e-02 4.2688e+00 7.1667e-15 5.1362e-30 5.1275e-05 2.5182e-01 1.3101e-06
1.0741e-09 1.1600e-06 6.3530e-04 1.2680e-06 1.1486e-02 4.2688e+00 7.1667e-15 5.1362e-30 5.1275e-05 2.5182e-01 1.3101e-06
5.6296e-09 6.0800e-06 1.1036e-03 3.8260e-06 1.7380e-02 2.2374e+01 3.5155e-14 1.2359e-28 1.1546e-04 5.2060e-01 1.2995e-05
5.6296e-09 6.0800e-06 1.1036e-03 3.8260e-06 1.7380e-02 2.2374e+01 3.5155e-14 1.2359e-28 1.1546e-04 5.2060e-01 1.2995e-05
5.6296e-09 6.0800e-06 1.1036e-03 3.8260e-06 1.7380e-02 2.2374e+01 3.5155e-14 1.2359e-28 1.1546e-04 5.2060e-01 1.2995e-05
5.6296e-09 6.0800e-06 1.1036e-03 3.8260e-06 1.7380e-02 2.2374e+01 3.5155e-14 1.2359e-28 1.1546e-04 5.2060e-01 1.2995e-05
5.6296e-09 6.0800e-06 1.1036e-03 3.8260e-06 1.7380e-02 2.2374e+01 3.5155e-14 1.2359e-28 1.1546e-04 5.2060e-01 1.2995e-05
5.6296e-09 6.0800e-06 1.1036e-03 3.8260e-06 1.7380e-02 2.2374e+01 3.5155e-14 1.2359e-28 1.1546e-04 5.2060e-01 1.2995e-05
5.6296e-09 6.0800e-06 1.1036e-03 3.8260e-06 1.7380e-02 2.2374e+01 3.5155e-14 1.2359e-28 1.1546e-04 5.2060e-01 1.2995e-05
5.6296e-09 6.0800e-06 1.1036e-03 3.8260e-06 1.7380e-02 2.2374e+01 3.5155e-14 1.2359e-28 1.1546e-04 5.2060e-01 1.2995e-05
5.6296e-09 6.0800e-06 1.1036e-03 3.8260e-06 1.7380e-02 2.2374e+01 3.5155e-14 1.2359e-28 1.1546e-04 5.2060e-01 1.2995e-05
5.6296e-09 6.0800e-06 1.1036e-03 3.8260e-06 1.7380e-02 2.2374e+01 3.5155e-14 1.2359e-28 1.1546e-04 5.2060e-01 1.2995e-05
5.6296e-09 6.0800e-06 1.1036e-03 3.8260e-06 1.7380e-02 2.2374e+01 3.5155e-14 1.2359e-28 1.1546e-04 5.2060e-01 1.2995e-05
5.6296e-09 6.0800e-06 1.1036e-03 3.8260e-06 1.7380e-02 2.2374e+01 3.5155e-14 1.2359e-28 1.1546e-04 5.2060e-01 1.2995e-05
5.6296e-09 6.0800e-06 1.1036e-03 3.8260e-06 1.7380e-02 2.2374e+01 3.5155e-14 1.2359e-28 1.1546e-04 5.2060e-01 1.2995e-05
5.6296e-09 6.0800e-06 1.1036e-03 3.8260e-06 1.7380e-02 2.2374e+01 3.5155e-14 1.2359e-28 1.1546e-04 5.2060e-01 1.2995e-05
5.6296e-09 6.0800e-06 1.1036e-03 3.8260e-06 1.7380e-02 2.2374e+01 3.5155e-14 1.2359e-28 1.1546e-04 5.2060e-01 1.2995e-05
1.4824e-08 1.6010e-05 1.5239e-03 7.2957e-06 2.2139e-02 5.8917e+01 8.9055e-14 7.9307e-28 1.8555e-04 6.6361e-01 4.3579e-05
1.4824e-08 1.6010e-05 1.5239e-03 7.2957e-06 2.2139e-02 5.8917e+01 8.9055e-14 7.9307e-28 1.8555e-04 6.6361e-01 4.3579e-05
1.4824e-08 1.6010e-05 1.5239e-03 7.2957e-06 2.2139e-02 5.8917e+01 8.9055e-14 7.9307e-28 1.8555e-04 6.6361e-01 4.3579e-05
1.4824e-08 1.6010e-05 1.5239e-03 7.2957e-06 2.2139e-02 5.8917e+01 8.9055e-14 7.9307e-28 1.8555e-04 6.6361e-01 4.3579e-05
1.4824e-08 1.6010e-05 1.5239e-03 7.2957e-06 2.2139e-02 5.8917e+01 8.9055e-14 7.9307e-28 1.8555e-04 6.6361e-01 4.3579e-05
1.4824e-08 1.6010e-05 1.5239e-03 7.2957e-06 2.2139e-02 5.8917e+01 8.9055e-14 7.9307e-28 1.8555e-04 6.6361e-01 4.3579e-05
1.4824e-08 1.6010e-05 1.5239e-03 7.2957e-06 2.2139e-02 5.8917e+01 8.9055e-14 7.9307e-28 1.8555e-04 6.6361e-01 4.3579e-05
1.4824e-08 1.6010e-05 1.5239e-03 7.2957e-06 2.2139e-02 5.8917e+01 8.9055e-14 7.9307e-28 1.8555e-04 6.6361e-01 4.3579e-05
1.4824e-08 1.6010e-05 1.5239e-03 7.2957e-06 2.2139e-02 5.8917e+01 8.9055e-14 7.9307e-28 1.8555e-04 6.6361e-01 4.3579e-05
1.4824e-08 1.6010e-05 1.5239e-03 7.2957e-06 2.2139e-02 5.8917e+01 8.9055e-14 7.9307e-28 1.8555e-04 6.6361e-01 4.3579e-05
1.4824e-08 1.6010e-05 1.5239e-03 7.2957e-06 2.2139e-02 5.8917e+01 8.9055e-14 7.9307e-28 1.8555e-04 6.6361e-01 4.3579e-05
1.4824e-08 1.6010e-05 1.5239e-03 7.2957e-06 2.2139e-02 5.8917e+01 8.9055e-14 7.9307e-28 1.8555e-04 6.6361e-01 4.3579e-05
1.4824e-08 1.6010e-05 1.5239e-03 7.2957e-06 2.2139e-02 5.8917e+01 8.9055e-14 7.9307e-28 1.8555e-04 6.6361e-01 4.3579e-05
1.4824e-08 1.6010e-05 1.5239e-03 7.2957e-06 2.2139e-02 5.8917e+01 8.9055e-14 7.9307e-28 1.8555e-04 6.6361e-01 4.3579e-05
1.4824e-08 1.6010e-05 1.5239e-03 7.2957e-06 2.2139e-02 5.8917e+01 8.9055e-14 7.9307e-28 1.8555e-04 6.6361e-01 4.3579e-05
2.9593e-08 3.1960e-05 1.9188e-03 1.1567e-05 2.6316e-02 1.1761e+02 1.7293e-13 2.9904e-27 2.6036e-04 7.8895e-01 1.0341e-04
2.9593e-08 3.1960e-05 1.9188e-03 1.1567e-05 2.6316e-02 1.1761e+02 1.7293e-13 2.9904e-27 2.6036e-04 7.8895e-01 1.0341e-04
2.9593e-08 3.1960e-05 1.9188e-03 1.1567e-05 2.6316e-02 1.1761e+02 1.7293e-13 2.9904e-27 2.6036e-04 7.8895e-01 1.0341e-04
2.9593e-08 3.1960e-05 1.9188e-03 1.1567e-05 2.6316e-02 1.1761e+02 1.7293e-13 2.9904e-27 2.6036e-04 7.8895e-01 1.0341e-04
2.9593e-08 3.1960e-05 1.9188e-03 1.1567e-05 2.6316e-02 1.1761e+02 1.7293e-13 2.9904e-27 2.6036e-04 7.8895e-01 1.0341e-04
2.9593e-08 3.1960e-05 1.9188e-03 1.1567e-05 2.6316e-02 1.1761e+02 1.7293e-13 2.9904e-27 2.6036e-04 7.8895e-01 1.0341e-04
2.9593e-08 3.1960e-05 1.9188e-03 1.1567e-05 2.6316e-02 1.1761e+02 1.7293e-13 2.9904e-27 2.6036e-04 7.8895e-01 1.0341e-04
2.9593e-08 3.1960e-05 1.9188e-03 1.1567e-05 2.6316e-02 1.1761e+02 1.7293e-13 2.9904e-27 2.6036e-04 7.8895e-01 1.0341e-04
2.9593e-08 3.1960e-05 1.9188e-03 1.1567e-05 2.6316e-02 1.1761e+02 1.7293e-13 2.9904e-27 2.6036e-04 7.8895e-01 1.0341e-04
2.9593e-08 3.1960e-05 1.9188e-03 1.1567e-05 2.6316e-02 1.1761e+02 1.7293e-13 2.9904e-27 2.6036e-04 7.8895e-01 1.0341e-04
2.9593e-08 3.1960e-05 1.9188e-03 1.1567e-05 2.6316e-02 1.1761e+02 1.7293e-13 2.9904e-27 2.6036e-04 7.8895e-01 1.0341e-04
2.9593e-08 3.1960e-05 1.9188e-03 1.1567e-05 2.6316e-02 1.1761e+02 1.7293e-13 2.9904e-27 2.6036e-04 7.8895e-01 1.0341e-04
2.9593e-08 3.1960e-05 1.9188e-03 1.1567e-05 2.6316e-02 1.1761e+02 1.7293e-13 2.9904e-27 2.6036e-04 7.8895e-01 1.0341e-04
2.9593e-08 3.1960e-05 1.9188e-03 1.1567e-05 2.6316e-02 1.1761e+02 1.7293e-13 2.9904e-27 2.6036e-04 7.8895e-01 1.0341e-04
2.9593e-08 3.1960e-05 1.9188e-03 1.1567e-05 2.6316e-02 1.1761e+02 1.7293e-13 2.9904e-27 2.6036e-04 7.8895e-01 1.0341e-04
3.8833e-08 4.1940e-05 2.1007e-03 1.3864e-05 2.8166e-02 1.5434e+02 2.2447e-13 5.0388e-27 2.9745e-04 8.4441e-01 1.4525e-04
3.8833e-08 4.1940e-05 2.1007e-03 1.3864e-05 2.8166e-02 1.5434e+02 2.2447e-13 5.0388e-27 2.9745e-04 8.4441e-01 1.4525e-04
3.8833e-08 4.1940e-05 2.1007e-03 1.3864e-05 2.8166e-02 1.5434e+02 2.2447e-13 5.0388e-27 2.9745e-04 8.4441e-01 1.4525e-04
3.8833e-08 4.1940e-05 2.1007e-03 1.3864e-05 2.8166e-02 1.5434e+02 2.2447e-13 5.0388e-27 2.9745e-04 8.4441e-01 1.4525e-04
3.8833e-08 4.1940e-05 2.1007e-03 1.3864e-05 2.8166e-02 1.5434e+02 2.2447e-13 5.0388e-27 2.9745e-04 8.4441e-01 1.4525e-04
3.8833e-08 4.1940e-05 2.1007e-03 1.3864e-05 2.8166e-02 1.5434e+02 2.2447e-13 5.0388e-27 2.9745e-04 8.4441e-01 1.4525e-04
3.8833e-08 4.1940e-05 2.1007e-03 1.3864e-05 2.8166e-02 1.5434e+02 2.2447e-13 5.0388e-27 2.9745e-04 8.4441e-01 1.4525e-04
3.8833e-08 4.1940e-05 2.1007e-03 1.3864e-05 2.8166e-02 1.5434e+02 2.2447e-13 5.0388e-27 2.9745e-04 8.4441e-01 1.4525e-04
3.8833e-08 4.1940e-05 2.1007e-03 1.3864e-05 2.8166e-02 1.5434e+02 2.2447e-13 5.0388e-27 2.9745e-04 8.4441e-01 1.4525e-04
3.8833e-08 4.1940e-05 2.1007e-03 1.3864e-05 2.8166e-02 1.5434e+02 2.2447e-13 5.0388e-27 2.9745e-04 8.4441e-01 1.4525e-04
3.8833e-08 4.1940e-05 2.1007e-03 1.3864e-05 2.8166e-02 1.5434e+02 2.2447e-13 5.0388e-27 2.9745e-04 8.4441e-01 1.4525e-04
3.8833e-08 4.1940e-05 2.1007e-03 1.3864e-05 2.8166e-02 1.5434e+02 2.2447e-13 5.0388e-27 2.9745e-04 8.4441e-01 1.4525e-04
3.8833e-08 4.1940e-05 2.1007e-03 1.3864e-05 2.8166e-02 1.5434e+02 2.2447e-13 5.0388e-27 2.9745e-04 8.4441e-01 1.4525e-04
3.8833e-08 4.1940e-05 2.1007e-03 1.3864e-05 2.8166e-02 1.5434e+02 2.2447e-13 5.0388e-27 2.9745e-04 8.4441e-01 1.4525e-04
3.8833e-08 4.1940e-05 2.1007e-03 1.3864e-05 2.8166e-02 1.5434e+02 2.2447e-13 5.0388e-27 2.9745e-04 8.4441e-01 1.4525e-04
4.0616e-12 4.3865e-09 9.8977e-05 3.0776e-08 2.8484e-03 1.6142e-02 3.3874e-17 1.1475e-34 3.3339e-06 8.0615e-02 1.5472e-09
4.0616e-12 4.3865e-09 9.8977e-05 3.0776e-08 2.8484e-03 1.6142e-02 3.3874e-17 1.1475e-34 3.3339e-06 8.0615e-02 1.5472e-09
4.0616e-12 4.3865e-09 9.8977e-05 3.0776e-08 2.8484e-03 1.6142e-02 3.3874e-17 1.1475e-34 3.3339e-06 8.0615e-02 1.5472e-09
4.0616e-12 4.3865e-09 9.8977e-05 3.0776e-08 2.8484e-03 1.6142e-02 3.3874e-17 1.1475e-34 3.3339e-06 8.0615e-02 1.5472e-09
4.0616e-12 4.3865e-09 9.8977e-05 3.0776e-08 2.8484e-03 1.6142e-02 3.3874e-17 1.1475e-34 3.3339e-06 8.0615e-02 1.5472e-09
4.0616e-12 4.3865e-09 9.8977e-05 3.0776e-08 2.8484e-03 1.6142e-02 3.3874e-17 1.1475e-34 3.3339e-06 8.0615e-02 1.5472e-09
4.0616e-12 4.3865e-09 9.8977e-05 3.0776e-08 2.8484e-03 1.6142e-02 3.3874e-17 1.1475e-34 3.3339e-06 8.0615e-02 1.5472e-09
4.0616e-12 4.3865e-09 9.8977e-05 3.0776e-08 2.8484e-03 1.6142e-02 3.3874e-17 1.1475e-34 3.3339e-06 8.0615e-02 1.5472e-09
4.0616e-12 4.3865e-09 9.8977e-05 3.0776e-08 2.8484e-03 1.6142e-02 3.3874e-17 1.1475e-34 3.3339e-06 8.0615e-02 1.5472e-09
4.0616e-12 4.3865e-09 9.8977e-05 3.0776e-08 2.8484e-03 1.6142e-02 3.3874e-17 1.1475e-34 3.3339e-06 8.0615e-02 1.5472e-09
4.0616e-12 4.3865e-09 9.8977e-05 3.0776e-08 2.8484e-03 1.6142e-02 3.3874e-17 1.1475e-34 3.3339e-06 8.0615e-02 1.5472e-09
