Volume Mass Radius Surface Stroke Energy Bs Bt Detection ForSpeed  ForCost
1.2024e-10 1.2986e-07 3.0619e-04 2.9452e-07 6.6441e-03 4.7788e-01 8.7573e-16 7.6690e-32 1.7536e-05 5.4713e-03 5.3440e-09
1.2024e-10 1.2986e-07 3.0619e-04 2.9452e-07 6.6441e-03 4.7788e-01 8.7573e-16 7.6690e-32 1.7536e-05 5.4713e-03 5.3440e-09
1.1735e-08 1.2674e-05 1.4097e-03 6.2433e-06 2.0883e-02 4.6640e+01 7.1160e-14 5.0638e-28 1.6548e-04 2.2195e-02 1.2276e-07
1.1735e-08 1.2674e-05 1.4097e-03 6.2433e-06 2.0883e-02 4.6640e+01 7.1160e-14 5.0638e-28 1.6548e-04 2.2195e-02 1.2276e-07
1.1735e-08 1.2674e-05 1.4097e-03 6.2433e-06 2.0883e-02 4.6640e+01 7.1160e-14 5.0638e-28 1.6548e-04 2.2195e-02 1.2276e-07
1.1735e-08 1.2674e-05 1.4097e-03 6.2433e-06 2.0883e-02 4.6640e+01 7.1160e-14 5.0638e-28 1.6548e-04 2.2195e-02 1.2276e-07
1.5916e-10 1.7189e-07 3.3619e-04 3.5507e-07 7.1266e-03 6.3256e-01 1.1463e-15 1.3139e-31 2.0118e-05 6.0118e-03 3.1921e-09
1.7554e-11 1.8958e-08 1.6122e-04 8.1659e-08 4.1069e-03 6.9766e-02 1.3808e-16 1.9065e-33 6.8303e-06 1.8846e-03 8.7785e-10
1.7554e-11 1.8958e-08 1.6122e-04 8.1659e-08 4.1069e-03 6.9766e-02 1.3808e-16 1.9065e-33 6.8303e-06 1.8846e-03 8.7785e-10
9.3395e-06 1.0087e-02 1.3064e-02 5.3618e-04 1.1092e-01 3.7119e+04 4.3355e-11 1.8797e-22 4.3667e-03 1.7852e-01 9.3895e-04
1.8541e-06 2.0024e-03 7.6210e-03 1.8246e-04 7.4038e-02 7.3688e+03 9.1818e-12 8.4305e-24 1.9773e-03 8.3261e-02 5.5853e-05
9.5876e-06 1.0355e-02 1.3179e-02 5.4563e-04 1.1165e-01 3.8105e+04 4.4460e-11 1.9767e-22 4.4232e-03 1.7508e-01 9.6164e-04
1.6456e-06 1.7772e-03 7.3239e-03 1.6852e-04 7.1863e-02 6.5402e+03 8.1884e-12 6.7049e-24 1.8651e-03 8.1167e-02 4.8156e-05
3.4954e-12 3.7750e-09 9.4146e-05 2.7845e-08 2.7435e-03 1.3892e-02 2.9328e-17 8.6012e-35 3.0975e-06 6.9110e-04 8.5250e-11
3.4954e-12 3.7750e-09 9.4146e-05 2.7845e-08 2.7435e-03 1.3892e-02 2.9328e-17 8.6012e-35 3.0975e-06 6.9110e-04 8.5250e-11
3.4954e-12 3.7750e-09 9.4146e-05 2.7845e-08 2.7435e-03 1.3892e-02 2.9328e-17 8.6012e-35 3.0975e-06 6.9110e-04 8.5250e-11
3.4954e-12 3.7750e-09 9.4146e-05 2.7845e-08 2.7435e-03 1.3892e-02 2.9328e-17 8.6012e-35 3.0975e-06 6.9110e-04 8.5250e-11
3.4954e-12 3.7750e-09 9.4146e-05 2.7845e-08 2.7435e-03 1.3892e-02 2.9328e-17 8.6012e-35 3.0975e-06 6.9110e-04 8.5250e-11
3.4954e-12 3.7750e-09 9.4146e-05 2.7845e-08 2.7435e-03 1.3892e-02 2.9328e-17 8.6012e-35 3.0975e-06 6.9110e-04 8.5250e-11
3.4954e-12 3.7750e-09 9.4146e-05 2.7845e-08 2.7435e-03 1.3892e-02 2.9328e-17 8.6012e-35 3.0975e-06 6.9110e-04 8.5250e-11
3.4954e-12 3.7750e-09 9.4146e-05 2.7845e-08 2.7435e-03 1.3892e-02 2.9328e-17 8.6012e-35 3.0975e-06 6.9110e-04 8.5250e-11
3.4954e-12 3.7750e-09 9.4146e-05 2.7845e-08 2.7435e-03 1.3892e-02 2.9328e-17 8.6012e-35 3.0975e-06 6.9110e-04 8.5250e-11
3.4954e-12 3.7750e-09 9.4146e-05 2.7845e-08 2.7435e-03 1.3892e-02 2.9328e-17 8.6012e-35 3.0975e-06 6.9110e-04 8.5250e-11
3.4954e-12 3.7750e-09 9.4146e-05 2.7845e-08 2.7435e-03 1.3892e-02 2.9328e-17 8.6012e-35 3.0975e-06 6.9110e-04 8.5250e-11
3.4145e-12 3.6877e-09 9.3414e-05 2.7414e-08 2.7274e-03 1.3571e-02 2.8676e-17 8.2232e-35 3.0622e-06 6.8085e-04 8.2356e-11
3.4145e-12 3.6877e-09 9.3414e-05 2.7414e-08 2.7274e-03 1.3571e-02 2.8676e-17 8.2232e-35 3.0622e-06 6.8085e-04 8.2356e-11
3.4145e-12 3.6877e-09 9.3414e-05 2.7414e-08 2.7274e-03 1.3571e-02 2.8676e-17 8.2232e-35 3.0622e-06 6.8085e-04 8.2356e-11
3.4145e-12 3.6877e-09 9.3414e-05 2.7414e-08 2.7274e-03 1.3571e-02 2.8676e-17 8.2232e-35 3.0622e-06 6.8085e-04 8.2356e-11
3.4145e-12 3.6877e-09 9.3414e-05 2.7414e-08 2.7274e-03 1.3571e-02 2.8676e-17 8.2232e-35 3.0622e-06 6.8085e-04 8.2356e-11
3.4145e-12 3.6877e-09 9.3414e-05 2.7414e-08 2.7274e-03 1.3571e-02 2.8676e-17 8.2232e-35 3.0622e-06 6.8085e-04 8.2356e-11
3.4145e-12 3.6877e-09 9.3414e-05 2.7414e-08 2.7274e-03 1.3571e-02 2.8676e-17 8.2232e-35 3.0622e-06 6.8085e-04 8.2356e-11
3.4145e-12 3.6877e-09 9.3414e-05 2.7414e-08 2.7274e-03 1.3571e-02 2.8676e-17 8.2232e-35 3.0622e-06 6.8085e-04 8.2356e-11
3.4145e-12 3.6877e-09 9.3414e-05 2.7414e-08 2.7274e-03 1.3571e-02 2.8676e-17 8.2232e-35 3.0622e-06 6.8085e-04 8.2356e-11
3.4145e-12 3.6877e-09 9.3414e-05 2.7414e-08 2.7274e-03 1.3571e-02 2.8676e-17 8.2232e-35 3.0622e-06 6.8085e-04 8.2356e-11
3.4145e-12 3.6877e-09 9.3414e-05 2.7414e-08 2.7274e-03 1.3571e-02 2.8676e-17 8.2232e-35 3.0622e-06 6.8085e-04 8.2356e-11
3.4145e-12 3.6877e-09 9.3414e-05 2.7414e-08 2.7274e-03 1.3571e-02 2.8676e-17 8.2232e-35 3.0622e-06 6.8085e-04 8.2356e-11
3.3334e-11 3.6001e-08 1.9965e-04 1.2522e-07 4.8211e-03 1.3248e-01 2.5556e-16 6.5312e-33 9.3522e-06 2.7584e-03 2.1673e-09
3.3334e-11 3.6001e-08 1.9965e-04 1.2522e-07 4.8211e-03 1.3248e-01 2.5556e-16 6.5312e-33 9.3522e-06 2.7584e-03 2.1673e-09
5.9317e-11 6.4062e-08 2.4193e-04 1.8388e-07 5.5682e-03 2.3575e-01 4.4440e-16 1.9749e-32 1.2404e-05 3.8373e-03 4.8347e-09
3.3334e-11 3.6001e-08 1.9965e-04 1.2522e-07 4.8211e-03 1.3248e-01 2.5556e-16 6.5312e-33 9.3522e-06 2.7584e-03 2.1673e-09
3.3334e-11 3.6001e-08 1.9965e-04 1.2522e-07 4.8211e-03 1.3248e-01 2.5556e-16 6.5312e-33 9.3522e-06 2.7584e-03 2.1673e-09
3.3334e-11 3.6001e-08 1.9965e-04 1.2522e-07 4.8211e-03 1.3248e-01 2.5556e-16 6.5312e-33 9.3522e-06 2.7584e-03 2.1673e-09
3.3334e-11 3.6001e-08 1.9965e-04 1.2522e-07 4.8211e-03 1.3248e-01 2.5556e-16 6.5312e-33 9.3522e-06 2.7584e-03 2.1673e-09
3.3334e-11 3.6001e-08 1.9965e-04 1.2522e-07 4.8211e-03 1.3248e-01 2.5556e-16 6.5312e-33 9.3522e-06 2.7584e-03 2.1673e-09
1.2024e-10 1.2986e-07 3.0619e-04 2.9452e-07 6.6441e-03 4.7788e-01 8.7573e-16 7.6690e-32 1.7536e-05 5.4713e-03 5.3440e-09
2.0382e-10 2.2013e-07 3.6508e-04 4.1872e-07 7.5812e-03 8.1007e-01 1.4535e-15 2.1126e-31 2.2711e-05 6.8068e-03 4.3663e-09
1.2024e-10 1.2986e-07 3.0619e-04 2.9452e-07 6.6441e-03 4.7788e-01 8.7573e-16 7.6690e-32 1.7536e-05 5.4713e-03 5.3440e-09
2.0382e-10 2.2013e-07 3.6508e-04 4.1872e-07 7.5812e-03 8.1007e-01 1.4535e-15 2.1126e-31 2.2711e-05 6.8068e-03 4.3663e-09
2.0382e-10 2.2013e-07 3.6508e-04 4.1872e-07 7.5812e-03 8.1007e-01 1.4535e-15 2.1126e-31 2.2711e-05 6.8068e-03 4.3663e-09
3.3334e-11 3.6001e-08 1.9965e-04 1.2522e-07 4.8211e-03 1.3248e-01 2.5556e-16 6.5312e-33 9.3522e-06 2.7584e-03 2.1673e-09
3.3334e-11 3.6001e-08 1.9965e-04 1.2522e-07 4.8211e-03 1.3248e-01 2.5556e-16 6.5312e-33 9.3522e-06 2.7584e-03 2.1673e-09
3.3334e-11 3.6001e-08 1.9965e-04 1.2522e-07 4.8211e-03 1.3248e-01 2.5556e-16 6.5312e-33 9.3522e-06 2.7584e-03 2.1673e-09
1.2024e-10 1.2986e-07 3.0619e-04 2.9452e-07 6.6441e-03 4.7788e-01 8.7573e-16 7.6690e-32 1.7536e-05 5.4713e-03 5.3440e-09
2.0382e-10 2.2013e-07 3.6508e-04 4.1872e-07 7.5812e-03 8.1007e-01 1.4535e-15 2.1126e-31 2.2711e-05 6.8068e-03 4.3663e-09
2.0382e-10 2.2013e-07 3.6508e-04 4.1872e-07 7.5812e-03 8.1007e-01 1.4535e-15 2.1126e-31 2.2711e-05 6.8068e-03 4.3663e-09
1.2024e-10 1.2986e-07 3.0619e-04 2.9452e-07 6.6441e-03 4.7788e-01 8.7573e-16 7.6690e-32 1.7536e-05 5.4713e-03 5.3440e-09
3.3334e-11 3.6001e-08 1.9965e-04 1.2522e-07 4.8211e-03 1.3248e-01 2.5556e-16 6.5312e-33 9.3522e-06 2.7584e-03 2.1673e-09
3.3334e-11 3.6001e-08 1.9965e-04 1.2522e-07 4.8211e-03 1.3248e-01 2.5556e-16 6.5312e-33 9.3522e-06 2.7584e-03 2.1673e-09
1.3889e-11 1.5000e-08 1.4912e-04 6.9856e-08 3.8734e-03 5.5200e-02 1.1028e-16 1.2161e-33 6.0898e-06 1.6350e-03 6.2918e-10
1.8750e-11 2.0250e-08 1.6481e-04 8.5328e-08 4.1752e-03 7.4520e-02 1.4710e-16 2.1638e-33 7.0545e-06 1.9611e-03 9.6386e-10
1.5854e-10 1.7123e-07 3.3575e-04 3.5415e-07 7.1197e-03 6.3012e-01 1.1420e-15 1.3042e-31 2.0080e-05 5.9997e-03 3.1763e-09
7.4074e-11 8.0000e-08 2.6053e-04 2.1324e-07 5.8863e-03 2.9440e-01 5.5006e-16 3.0256e-32 1.3830e-05 4.2177e-03 2.8108e-09
7.4074e-11 8.0000e-08 2.6053e-04 2.1324e-07 5.8863e-03 2.9440e-01 5.5006e-16 3.0256e-32 1.3830e-05 4.2177e-03 2.8108e-09
7.4074e-11 8.0000e-08 2.6053e-04 2.1324e-07 5.8863e-03 2.9440e-01 5.5006e-16 3.0256e-32 1.3830e-05 4.2177e-03 2.8108e-09
8.3333e-10 9.0000e-07 5.8377e-04 1.0706e-06 1.0780e-02 3.3120e+00 5.6171e-15 3.1552e-30 4.5279e-05 9.7233e-03 4.1078e-09
8.3333e-10 9.0000e-07 5.8377e-04 1.0706e-06 1.0780e-02 3.3120e+00 5.6171e-15 3.1552e-30 4.5279e-05 9.7233e-03 4.1078e-09
8.3333e-10 9.0000e-07 5.8377e-04 1.0706e-06 1.0780e-02 3.3120e+00 5.6171e-15 3.1552e-30 4.5279e-05 9.7233e-03 4.1078e-09
8.3333e-10 9.0000e-07 5.8377e-04 1.0706e-06 1.0780e-02 3.3120e+00 5.6171e-15 3.1552e-30 4.5279e-05 9.7233e-03 4.1078e-09
8.3333e-10 9.0000e-07 5.8377e-04 1.0706e-06 1.0780e-02 3.3120e+00 5.6171e-15 3.1552e-30 4.5279e-05 9.7233e-03 4.1078e-09
8.3333e-10 9.0000e-07 5.8377e-04 1.0706e-06 1.0780e-02 3.3120e+00 5.6171e-15 3.1552e-30 4.5279e-05 9.7233e-03 4.1078e-09
6.5335e-08 7.0562e-05 2.4985e-03 1.9612e-05 3.2078e-02 2.5967e+02 3.6989e-13 1.3682e-26 3.8381e-04 2.9593e-02 7.3549e-07
6.5335e-08 7.0562e-05 2.4985e-03 1.9612e-05 3.2078e-02 2.5967e+02 3.6989e-13 1.3682e-26 3.8381e-04 2.9593e-02 7.3549e-07
6.5335e-08 7.0562e-05 2.4985e-03 1.9612e-05 3.2078e-02 2.5967e+02 3.6989e-13 1.3682e-26 3.8381e-04 2.9593e-02 7.3549e-07
6.5335e-08 7.0562e-05 2.4985e-03 1.9612e-05 3.2078e-02 2.5967e+02 3.6989e-13 1.3682e-26 3.8381e-04 2.9593e-02 7.3549e-07
6.5335e-08 7.0562e-05 2.4985e-03 1.9612e-05 3.2078e-02 2.5967e+02 3.6989e-13 1.3682e-26 3.8381e-04 2.9593e-02 7.3549e-07
6.5335e-08 7.0562e-05 2.4985e-03 1.9612e-05 3.2078e-02 2.5967e+02 3.6989e-13 1.3682e-26 3.8381e-04 2.9593e-02 7.3549e-07
6.5335e-08 7.0562e-05 2.4985e-03 1.9612e-05 3.2078e-02 2.5967e+02 3.6989e-13 1.3682e-26 3.8381e-04 2.9593e-02 7.3549e-07
6.5335e-08 7.0562e-05 2.4985e-03 1.9612e-05 3.2078e-02 2.5967e+02 3.6989e-13 1.3682e-26 3.8381e-04 2.9593e-02 7.3549e-07
6.5335e-08 7.0562e-05 2.4985e-03 1.9612e-05 3.2078e-02 2.5967e+02 3.6989e-13 1.3682e-26 3.8381e-04 2.9593e-02 7.3549e-07
6.5335e-08 7.0562e-05 2.4985e-03 1.9612e-05 3.2078e-02 2.5967e+02 3.6989e-13 1.3682e-26 3.8381e-04 2.9593e-02 7.3549e-07
2.4523e-08 2.6485e-05 1.8023e-03 1.0205e-05 2.5108e-02 9.7464e+01 1.4438e-13 2.0847e-27 2.3746e-04 3.2657e-02 4.8687e-07
1.0491e-10 1.1331e-07 2.9258e-04 2.6894e-07 6.4215e-03 4.1697e-01 7.6830e-16 5.9028e-32 1.6402e-05 5.0890e-03 4.4623e-09
1.0491e-10 1.1331e-07 2.9258e-04 2.6894e-07 6.4215e-03 4.1697e-01 7.6830e-16 5.9028e-32 1.6402e-05 5.0890e-03 4.4623e-09
1.0491e-10 1.1331e-07 2.9258e-04 2.6894e-07 6.4215e-03 4.1697e-01 7.6830e-16 5.9028e-32 1.6402e-05 5.0890e-03 4.4623e-09
1.0491e-10 1.1331e-07 2.9258e-04 2.6894e-07 6.4215e-03 4.1697e-01 7.6830e-16 5.9028e-32 1.6402e-05 5.0890e-03 4.4623e-09
1.0491e-10 1.1331e-07 2.9258e-04 2.6894e-07 6.4215e-03 4.1697e-01 7.6830e-16 5.9028e-32 1.6402e-05 5.0890e-03 4.4623e-09
1.0491e-10 1.1331e-07 2.9258e-04 2.6894e-07 6.4215e-03 4.1697e-01 7.6830e-16 5.9028e-32 1.6402e-05 5.0890e-03 4.4623e-09
1.0491e-10 1.1331e-07 2.9258e-04 2.6894e-07 6.4215e-03 4.1697e-01 7.6830e-16 5.9028e-32 1.6402e-05 5.0890e-03 4.4623e-09
1.0491e-10 1.1331e-07 2.9258e-04 2.6894e-07 6.4215e-03 4.1697e-01 7.6830e-16 5.9028e-32 1.6402e-05 5.0890e-03 4.4623e-09
1.0491e-10 1.1331e-07 2.9258e-04 2.6894e-07 6.4215e-03 4.1697e-01 7.6830e-16 5.9028e-32 1.6402e-05 5.0890e-03 4.4623e-09
1.0491e-10 1.1331e-07 2.9258e-04 2.6894e-07 6.4215e-03 4.1697e-01 7.6830e-16 5.9028e-32 1.6402e-05 5.0890e-03 4.4623e-09
1.4164e-07 1.5297e-04 3.2337e-03 3.2851e-05 3.8924e-02 5.6293e+02 7.7743e-13 6.0439e-26 5.6076e-04 3.5610e-02 1.9997e-06
2.4909e-07 2.6902e-04 3.9032e-03 4.7863e-05 4.4824e-02 9.8999e+02 1.3367e-12 1.7868e-25 7.3946e-04 7.8581e-02 1.3774e-05
3.9508e-07 4.2669e-04 4.5520e-03 6.5095e-05 5.0303e-02 1.5702e+03 2.0814e-12 4.3321e-25 9.2699e-04 6.0429e-02 8.7291e-06
5.8353e-07 6.3022e-04 5.1839e-03 8.4424e-05 5.5455e-02 2.3192e+03 3.0266e-12 9.1601e-25 1.1222e-03 6.6045e-02 1.4224e-05
8.1806e-07 8.8350e-04 5.8018e-03 1.0575e-04 6.0342e-02 3.2513e+03 4.1860e-12 1.7523e-24 1.3242e-03 7.1003e-02 2.1480e-05
1.1020e-06 1.1902e-03 6.4077e-03 1.2899e-04 6.5009e-02 4.3800e+03 5.5724e-12 3.1051e-24 1.5324e-03 7.5852e-02 3.1246e-05
1.4387e-06 1.5538e-03 7.0031e-03 1.5408e-04 6.9489e-02 5.7179e+03 7.1974e-12 5.1802e-24 1.7462e-03 7.9734e-02 4.2373e-05
4.0131e-06 4.3341e-03 9.8582e-03 3.0531e-04 8.9804e-02 1.5950e+04 1.9269e-11 3.7131e-23 2.8867e-03 9.5951e-02 1.3520e-04
4.5067e-08 4.8673e-05 2.2076e-03 1.5311e-05 2.9234e-02 1.7912e+02 2.5896e-13 6.7061e-27 3.1996e-04 4.4879e-02 9.5673e-06
4.5067e-08 4.8673e-05 2.2076e-03 1.5311e-05 2.9234e-02 1.7912e+02 2.5896e-13 6.7061e-27 3.1996e-04 4.4879e-02 9.5673e-06
4.5067e-08 4.8673e-05 2.2076e-03 1.5311e-05 2.9234e-02 1.7912e+02 2.5896e-13 6.7061e-27 3.1996e-04 4.4879e-02 9.5673e-06
4.5067e-08 4.8673e-05 2.2076e-03 1.5311e-05 2.9234e-02 1.7912e+02 2.5896e-13 6.7061e-27 3.1996e-04 4.4879e-02 9.5673e-06
5.5556e-13 6.0000e-10 5.0997e-05 8.1704e-09 1.7322e-03 2.2080e-03 5.0172e-18 2.5173e-36 1.2578e-06 2.1064e-04 5.2938e-12
1.0741e-12 1.1600e-09 6.3530e-05 1.2680e-08 2.0426e-03 4.2688e-03 9.4476e-18 8.9257e-36 1.7374e-06 3.2356e-04 1.4566e-11
1.0741e-12 1.1600e-09 6.3530e-05 1.2680e-08 2.0426e-03 4.2688e-03 9.4476e-18 8.9257e-36 1.7374e-06 3.2356e-04 1.4566e-11
1.0741e-12 1.1600e-09 6.3530e-05 1.2680e-08 2.0426e-03 4.2688e-03 9.4476e-18 8.9257e-36 1.7374e-06 3.2356e-04 1.4566e-11
5.5556e-13 6.0000e-10 5.0997e-05 8.1704e-09 1.7322e-03 2.2080e-03 5.0172e-18 2.5173e-36 1.2578e-06 2.1064e-04 5.2938e-12
5.5556e-13 6.0000e-10 5.0997e-05 8.1704e-09 1.7322e-03 2.2080e-03 5.0172e-18 2.5173e-36 1.2578e-06 2.1064e-04 5.2938e-12
1.0741e-12 1.1600e-09 6.3530e-05 1.2680e-08 2.0426e-03 4.2688e-03 9.4476e-18 8.9257e-36 1.7374e-06 3.2356e-04 1.4566e-11
5.5556e-13 6.0000e-10 5.0997e-05 8.1704e-09 1.7322e-03 2.2080e-03 5.0172e-18 2.5173e-36 1.2578e-06 2.1064e-04 5.2938e-12
5.5556e-13 6.0000e-10 5.0997e-05 8.1704e-09 1.7322e-03 2.2080e-03 5.0172e-18 2.5173e-36 1.2578e-06 2.1064e-04 5.2938e-12
5.5556e-13 6.0000e-10 5.0997e-05 8.1704e-09 1.7322e-03 2.2080e-03 5.0172e-18 2.5173e-36 1.2578e-06 2.1064e-04 5.2938e-12
1.0741e-12 1.1600e-09 6.3530e-05 1.2680e-08 2.0426e-03 4.2688e-03 9.4476e-18 8.9257e-36 1.7374e-06 3.2356e-04 1.4566e-11
5.5556e-13 6.0000e-10 5.0997e-05 8.1704e-09 1.7322e-03 2.2080e-03 5.0172e-18 2.5173e-36 1.2578e-06 2.1064e-04 5.2938e-12
1.0741e-12 1.1600e-09 6.3530e-05 1.2680e-08 2.0426e-03 4.2688e-03 9.4476e-18 8.9257e-36 1.7374e-06 3.2356e-04 1.4566e-11
5.5556e-13 6.0000e-10 5.0997e-05 8.1704e-09 1.7322e-03 2.2080e-03 5.0172e-18 2.5173e-36 1.2578e-06 2.1064e-04 5.2938e-12
5.5556e-13 6.0000e-10 5.0997e-05 8.1704e-09 1.7322e-03 2.2080e-03 5.0172e-18 2.5173e-36 1.2578e-06 2.1064e-04 5.2938e-12
1.0741e-12 1.1600e-09 6.3530e-05 1.2680e-08 2.0426e-03 4.2688e-03 9.4476e-18 8.9257e-36 1.7374e-06 3.2356e-04 1.4566e-11
5.5556e-13 6.0000e-10 5.0997e-05 8.1704e-09 1.7322e-03 2.2080e-03 5.0172e-18 2.5173e-36 1.2578e-06 2.1064e-04 5.2938e-12
5.5556e-13 6.0000e-10 5.0997e-05 8.1704e-09 1.7322e-03 2.2080e-03 5.0172e-18 2.5173e-36 1.2578e-06 2.1064e-04 5.2938e-12
1.0358e-10 1.1186e-07 2.9133e-04 2.6664e-07 6.4009e-03 4.1165e-01 7.5888e-16 5.7591e-32 1.6300e-05 5.0542e-03 4.3870e-09
2.4074e-08 2.6000e-05 1.7912e-03 1.0080e-05 2.4993e-02 9.5680e+01 1.4185e-13 2.0120e-27 2.3532e-04 3.1519e-02 5.5990e-07
2.4074e-08 2.6000e-05 1.7912e-03 1.0080e-05 2.4993e-02 9.5680e+01 1.4185e-13 2.0120e-27 2.3532e-04 3.1519e-02 5.5990e-07
2.4074e-08 2.6000e-05 1.7912e-03 1.0080e-05 2.4993e-02 9.5680e+01 1.4185e-13 2.0120e-27 2.3532e-04 3.1519e-02 5.5990e-07
2.4074e-08 2.6000e-05 1.7912e-03 1.0080e-05 2.4993e-02 9.5680e+01 1.4185e-13 2.0120e-27 2.3532e-04 3.1519e-02 5.5990e-07
9.9720e-10 1.0770e-06 6.1977e-04 1.2067e-06 1.1275e-02 3.9633e+00 6.6736e-15 4.4537e-30 4.9443e-05 1.0426e-02 5.1280e-09
1.8417e-08 1.9890e-05 1.6382e-03 8.4314e-06 2.3374e-02 7.3196e+01 1.0968e-13 1.2030e-27 2.0637e-04 3.5417e-02 5.8541e-07
1.1314e-10 1.2219e-07 3.0004e-04 2.8281e-07 6.5437e-03 4.4966e-01 8.2602e-16 6.8231e-32 1.7020e-05 5.2971e-03 4.9304e-09
3.4730e-10 3.7508e-07 4.3605e-04 5.9735e-07 8.6616e-03 1.3803e+00 2.4244e-15 5.8776e-31 2.9488e-05 7.9888e-03 3.4290e-09
6.6677e-10 7.2011e-07 5.4195e-04 9.2273e-07 1.0196e-02 2.6500e+00 4.5346e-15 2.0563e-30 4.0593e-05 8.8985e-03 3.1182e-09
6.6677e-10 7.2011e-07 5.4195e-04 9.2273e-07 1.0196e-02 2.6500e+00 4.5346e-15 2.0563e-30 4.0593e-05 8.8985e-03 3.1182e-09
6.6677e-10 7.2011e-07 5.4195e-04 9.2273e-07 1.0196e-02 2.6500e+00 4.5346e-15 2.0563e-30 4.0593e-05 8.8985e-03 3.1182e-09
6.6677e-10 7.2011e-07 5.4195e-04 9.2273e-07 1.0196e-02 2.6500e+00 4.5346e-15 2.0563e-30 4.0593e-05 8.8985e-03 3.1182e-09
6.6677e-10 7.2011e-07 5.4195e-04 9.2273e-07 1.0196e-02 2.6500e+00 4.5346e-15 2.0563e-30 4.0593e-05 8.8985e-03 3.1182e-09
6.6677e-10 7.2011e-07 5.4195e-04 9.2273e-07 1.0196e-02 2.6500e+00 4.5346e-15 2.0563e-30 4.0593e-05 8.8985e-03 3.1182e-09
6.6677e-10 7.2011e-07 5.4195e-04 9.2273e-07 1.0196e-02 2.6500e+00 4.5346e-15 2.0563e-30 4.0593e-05 8.8985e-03 3.1182e-09
6.6677e-10 7.2011e-07 5.4195e-04 9.2273e-07 1.0196e-02 2.6500e+00 4.5346e-15 2.0563e-30 4.0593e-05 8.8985e-03 3.1182e-09
6.6677e-10 7.2011e-07 5.4195e-04 9.2273e-07 1.0196e-02 2.6500e+00 4.5346e-15 2.0563e-30 4.0593e-05 8.8985e-03 3.1182e-09
6.6677e-10 7.2011e-07 5.4195e-04 9.2273e-07 1.0196e-02 2.6500e+00 4.5346e-15 2.0563e-30 4.0593e-05 8.8985e-03 3.1182e-09
6.6677e-10 7.2011e-07 5.4195e-04 9.2273e-07 1.0196e-02 2.6500e+00 4.5346e-15 2.0563e-30 4.0593e-05 8.8985e-03 3.1182e-09
6.6677e-10 7.2011e-07 5.4195e-04 9.2273e-07 1.0196e-02 2.6500e+00 4.5346e-15 2.0563e-30 4.0593e-05 8.8985e-03 3.1182e-09
6.6677e-10 7.2011e-07 5.4195e-04 9.2273e-07 1.0196e-02 2.6500e+00 4.5346e-15 2.0563e-30 4.0593e-05 8.8985e-03 3.1182e-09
6.6677e-10 7.2011e-07 5.4195e-04 9.2273e-07 1.0196e-02 2.6500e+00 4.5346e-15 2.0563e-30 4.0593e-05 8.8985e-03 3.1182e-09
6.8009e-10 7.3449e-07 5.4554e-04 9.3498e-07 1.0246e-02 2.7029e+00 4.6216e-15 2.1359e-30 4.0988e-05 8.9690e-03 3.1951e-09
6.8009e-10 7.3449e-07 5.4554e-04 9.3498e-07 1.0246e-02 2.7029e+00 4.6216e-15 2.1359e-30 4.0988e-05 8.9690e-03 3.1951e-09
2.1285e-13 2.2988e-10 3.7039e-05 4.3100e-09 1.3628e-03 8.4597e-04 1.9975e-18 3.9900e-37 7.8606e-07 1.1220e-04 1.1766e-12
2.4960e-13 2.6956e-10 3.9059e-05 4.7927e-09 1.4182e-03 9.9199e-04 2.3274e-18 5.4169e-37 8.4985e-07 1.2463e-04 1.5136e-12
2.1285e-13 2.2988e-10 3.7039e-05 4.3100e-09 1.3628e-03 8.4597e-04 1.9975e-18 3.9900e-37 7.8606e-07 1.1220e-04 1.1766e-12
2.7452e-14 2.9648e-11 1.8714e-05 1.1002e-09 8.1671e-04 1.0910e-04 2.7961e-19 7.8183e-39 2.8814e-07 2.8918e-05 4.3337e-14
7.5255e-11 8.1275e-08 2.6191e-04 2.1550e-07 5.9096e-03 2.9909e-01 5.5847e-16 3.1189e-32 1.3938e-05 4.2545e-03 2.8708e-09
2.3236e-11 2.5095e-08 1.7702e-04 9.8445e-08 4.4052e-03 9.2348e-02 1.8073e-16 3.2664e-33 7.8364e-06 2.2292e-03 1.3050e-09
2.3236e-11 2.5095e-08 1.7702e-04 9.8445e-08 4.4052e-03 9.2348e-02 1.8073e-16 3.2664e-33 7.8364e-06 2.2292e-03 1.3050e-09
1.1314e-10 1.2219e-07 3.0004e-04 2.8281e-07 6.5437e-03 4.4966e-01 8.2602e-16 6.8231e-32 1.7020e-05 5.2971e-03 4.9304e-09
2.3236e-11 2.5095e-08 1.7702e-04 9.8445e-08 4.4052e-03 9.2348e-02 1.8073e-16 3.2664e-33 7.8364e-06 2.2292e-03 1.3050e-09
7.5255e-11 8.1275e-08 2.6191e-04 2.1550e-07 5.9096e-03 2.9909e-01 5.5847e-16 3.1189e-32 1.3938e-05 4.2545e-03 2.8708e-09
7.5255e-11 8.1275e-08 2.6191e-04 2.1550e-07 5.9096e-03 2.9909e-01 5.5847e-16 3.1189e-32 1.3938e-05 4.2545e-03 2.8708e-09
4.5351e-11 4.8979e-08 2.2122e-04 1.5375e-07 5.2068e-03 1.8024e-01 3.4344e-16 1.1795e-32 1.0875e-05 3.2957e-03 3.3310e-09
7.5255e-11 8.1275e-08 2.6191e-04 2.1550e-07 5.9096e-03 2.9909e-01 5.5847e-16 3.1189e-32 1.3938e-05 4.2545e-03 2.8708e-09
1.5916e-10 1.7189e-07 3.3619e-04 3.5507e-07 7.1266e-03 6.3256e-01 1.1463e-15 1.3139e-31 2.0118e-05 6.0118e-03 3.1921e-09
2.3236e-11 2.5095e-08 1.7702e-04 9.8445e-08 4.4052e-03 9.2348e-02 1.8073e-16 3.2664e-33 7.8364e-06 2.2292e-03 1.3050e-09
7.5255e-11 8.1275e-08 2.6191e-04 2.1550e-07 5.9096e-03 2.9909e-01 5.5847e-16 3.1189e-32 1.3938e-05 4.2545e-03 2.8708e-09
4.5351e-11 4.8979e-08 2.2122e-04 1.5375e-07 5.2068e-03 1.8024e-01 3.4344e-16 1.1795e-32 1.0875e-05 3.2957e-03 3.3310e-09
2.3236e-11 2.5095e-08 1.7702e-04 9.8445e-08 4.4052e-03 9.2348e-02 1.8073e-16 3.2664e-33 7.8364e-06 2.2292e-03 1.3050e-09
3.1043e-07 3.3527e-04 4.2004e-03 5.5429e-05 4.7360e-02 1.2338e+03 1.6513e-12 2.7266e-25 8.2369e-04 5.7137e-02 6.4540e-06
3.5489e-10 3.8328e-07 4.3920e-04 6.0601e-07 8.7086e-03 1.4105e+00 2.4752e-15 6.1266e-31 2.9802e-05 8.0679e-03 3.5214e-09
7.9841e-11 8.6229e-08 2.6712e-04 2.2417e-07 5.9976e-03 3.1732e-01 5.9111e-16 3.4941e-32 1.4348e-05 4.3938e-03 3.1061e-09
4.5351e-11 4.8979e-08 2.2122e-04 1.5375e-07 5.2068e-03 1.8024e-01 3.4344e-16 1.1795e-32 1.0875e-05 3.2957e-03 3.3310e-09
3.5489e-10 3.8328e-07 4.3920e-04 6.0601e-07 8.7086e-03 1.4105e+00 2.4752e-15 6.1266e-31 2.9802e-05 8.0679e-03 3.5214e-09
7.9841e-11 8.6229e-08 2.6712e-04 2.2417e-07 5.9976e-03 3.1732e-01 5.9111e-16 3.4941e-32 1.4348e-05 4.3938e-03 3.1061e-09
1.1314e-10 1.2219e-07 3.0004e-04 2.8281e-07 6.5437e-03 4.4966e-01 8.2602e-16 6.8231e-32 1.7020e-05 5.2971e-03 4.9304e-09
7.9841e-11 8.6229e-08 2.6712e-04 2.2417e-07 5.9976e-03 3.1732e-01 5.9111e-16 3.4941e-32 1.4348e-05 4.3938e-03 3.1061e-09
2.1345e-10 2.3053e-07 3.7074e-04 4.3180e-07 7.6692e-03 8.4833e-01 1.5193e-15 2.3083e-31 2.3230e-05 6.9645e-03 4.6286e-09
4.5351e-11 4.8979e-08 2.2122e-04 1.5375e-07 5.2068e-03 1.8024e-01 3.4344e-16 1.1795e-32 1.0875e-05 3.2957e-03 3.3310e-09
7.9841e-11 8.6229e-08 2.6712e-04 2.2417e-07 5.9976e-03 3.1732e-01 5.9111e-16 3.4941e-32 1.4348e-05 4.3938e-03 3.1061e-09
1.1314e-10 1.2219e-07 3.0004e-04 2.8281e-07 6.5437e-03 4.4966e-01 8.2602e-16 6.8231e-32 1.7020e-05 5.2971e-03 4.9304e-09
2.1345e-10 2.3053e-07 3.7074e-04 4.3180e-07 7.6692e-03 8.4833e-01 1.5193e-15 2.3083e-31 2.3230e-05 6.9645e-03 4.6286e-09
3.5489e-10 3.8328e-07 4.3920e-04 6.0601e-07 8.7086e-03 1.4105e+00 2.4752e-15 6.1266e-31 2.9802e-05 8.0679e-03 3.5214e-09
4.5351e-11 4.8979e-08 2.2122e-04 1.5375e-07 5.2068e-03 1.8024e-01 3.4344e-16 1.1795e-32 1.0875e-05 3.2957e-03 3.3310e-09
4.5351e-11 4.8979e-08 2.2122e-04 1.5375e-07 5.2068e-03 1.8024e-01 3.4344e-16 1.1795e-32 1.0875e-05 3.2957e-03 3.3310e-09
1.1314e-10 1.2219e-07 3.0004e-04 2.8281e-07 6.5437e-03 4.4966e-01 8.2602e-16 6.8231e-32 1.7020e-05 5.2971e-03 4.9304e-09
2.1345e-10 2.3053e-07 3.7074e-04 4.3180e-07 7.6692e-03 8.4833e-01 1.5193e-15 2.3083e-31 2.3230e-05 6.9645e-03 4.6286e-09
7.9841e-11 8.6229e-08 2.6712e-04 2.2417e-07 5.9976e-03 3.1732e-01 5.9111e-16 3.4941e-32 1.4348e-05 4.3938e-03 3.1061e-09
1.1314e-10 1.2219e-07 3.0004e-04 2.8281e-07 6.5437e-03 4.4966e-01 8.2602e-16 6.8231e-32 1.7020e-05 5.2971e-03 4.9304e-09
2.1345e-10 2.3053e-07 3.7074e-04 4.3180e-07 7.6692e-03 8.4833e-01 1.5193e-15 2.3083e-31 2.3230e-05 6.9645e-03 4.6286e-09
1.1314e-10 1.2219e-07 3.0004e-04 2.8281e-07 6.5437e-03 4.4966e-01 8.2602e-16 6.8231e-32 1.7020e-05 5.2971e-03 4.9304e-09
4.5351e-11 4.8979e-08 2.2122e-04 1.5375e-07 5.2068e-03 1.8024e-01 3.4344e-16 1.1795e-32 1.0875e-05 3.2957e-03 3.3310e-09
1.6148e-10 1.7440e-07 3.3781e-04 3.5851e-07 7.1524e-03 6.4179e-01 1.1623e-15 1.3510e-31 2.0262e-05 6.0558e-03 3.2512e-09
1.6148e-10 1.7440e-07 3.3781e-04 3.5851e-07 7.1524e-03 6.4179e-01 1.1623e-15 1.3510e-31 2.0262e-05 6.0558e-03 3.2512e-09
1.6148e-10 1.7440e-07 3.3781e-04 3.5851e-07 7.1524e-03 6.4179e-01 1.1623e-15 1.3510e-31 2.0262e-05 6.0558e-03 3.2512e-09
1.6148e-10 1.7440e-07 3.3781e-04 3.5851e-07 7.1524e-03 6.4179e-01 1.1623e-15 1.3510e-31 2.0262e-05 6.0558e-03 3.2512e-09
1.6148e-10 1.7440e-07 3.3781e-04 3.5851e-07 7.1524e-03 6.4179e-01 1.1623e-15 1.3510e-31 2.0262e-05 6.0558e-03 3.2512e-09
1.6148e-10 1.7440e-07 3.3781e-04 3.5851e-07 7.1524e-03 6.4179e-01 1.1623e-15 1.3510e-31 2.0262e-05 6.0558e-03 3.2512e-09
3.7125e-11 4.0095e-08 2.0695e-04 1.3455e-07 4.9527e-03 1.4755e-01 2.8340e-16 8.0318e-33 9.8590e-06 2.9366e-03 2.5199e-09
3.7125e-11 4.0095e-08 2.0695e-04 1.3455e-07 4.9527e-03 1.4755e-01 2.8340e-16 8.0318e-33 9.8590e-06 2.9366e-03 2.5199e-09
1.5916e-10 1.7189e-07 3.3619e-04 3.5507e-07 7.1266e-03 6.3256e-01 1.1463e-15 1.3139e-31 2.0118e-05 6.0118e-03 3.1921e-09
3.7125e-11 4.0095e-08 2.0695e-04 1.3455e-07 4.9527e-03 1.4755e-01 2.8340e-16 8.0318e-33 9.8590e-06 2.9366e-03 2.5199e-09
8.6988e-11 9.3947e-08 2.7487e-04 2.3735e-07 6.1276e-03 3.4572e-01 6.4181e-16 4.1192e-32 1.4963e-05 4.6027e-03 3.4812e-09
1.5916e-10 1.7189e-07 3.3619e-04 3.5507e-07 7.1266e-03 6.3256e-01 1.1463e-15 1.3139e-31 2.0118e-05 6.0118e-03 3.1921e-09
3.7125e-11 4.0095e-08 2.0695e-04 1.3455e-07 4.9527e-03 1.4755e-01 2.8340e-16 8.0318e-33 9.8590e-06 2.9366e-03 2.5199e-09
1.5916e-10 1.7189e-07 3.3619e-04 3.5507e-07 7.1266e-03 6.3256e-01 1.1463e-15 1.3139e-31 2.0118e-05 6.0118e-03 3.1921e-09
3.7125e-11 4.0095e-08 2.0695e-04 1.3455e-07 4.9527e-03 1.4755e-01 2.8340e-16 8.0318e-33 9.8590e-06 2.9366e-03 2.5199e-09
1.5916e-10 1.7189e-07 3.3619e-04 3.5507e-07 7.1266e-03 6.3256e-01 1.1463e-15 1.3139e-31 2.0118e-05 6.0118e-03 3.1921e-09
3.7125e-11 4.0095e-08 2.0695e-04 1.3455e-07 4.9527e-03 1.4755e-01 2.8340e-16 8.0318e-33 9.8590e-06 2.9366e-03 2.5199e-09
